{
  "n": 2000,
  "trace": 2000.0,
  "lambda_min": 0.9002081996051384,
  "lambda_max": 1.4920472670584717,
  "effective_rank@1e-06": 2000,
  "threshold": 1e-06
}