{
  "n": 2000,
  "trace": 2000.0,
  "lambda_min": 0.03549274191813917,
  "lambda_max": 500.90524621766,
  "effective_rank@1e-06": 2000,
  "threshold": 1e-06
}