{
  "n": 2000,
  "trace": 2000.0000000000002,
  "lambda_min": 0.7697224863329939,
  "lambda_max": 1.4904127541458223,
  "effective_rank@1e-06": 2000,
  "threshold": 1e-06
}