{
  "n": 2000,
  "trace": 2000.0,
  "lambda_min": 0.501730419783042,
  "lambda_max": 309.8466114533895,
  "effective_rank@1e-06": 2000,
  "threshold": 1e-06
}