{
  "n": 2000,
  "trace": 2000.000000000001,
  "lambda_min": 0.02965752907931754,
  "lambda_max": 500.80033368627795,
  "effective_rank@1e-06": 2000,
  "threshold": 1e-06
}