{
  "n": 2000,
  "trace": 2000.0000000000002,
  "lambda_min": 0.5034924863784489,
  "lambda_max": 309.68483145258426,
  "effective_rank@1e-06": 2000,
  "threshold": 1e-06
}