{
  "n": 2000,
  "trace": 2000.0000000000005,
  "lambda_min": 0.05441651843556967,
  "lambda_max": 500.76021118374456,
  "effective_rank@1e-06": 2000,
  "threshold": 1e-06
}