{
  "n": 2000,
  "trace": 2000.0000000000005,
  "lambda_min": 0.44722014824531886,
  "lambda_max": 309.9494645695512,
  "effective_rank@1e-06": 2000,
  "threshold": 1e-06
}