{
  "n": 1000,
  "trace": 1000.0000000000001,
  "lambda_min": 0.00013923385410868485,
  "lambda_max": 251.04348260719655,
  "effective_rank@1e-06": 1000,
  "threshold": 1e-06
}