{
  "n": 1000,
  "trace": 1000.0,
  "lambda_min": -3.079246315587558e-14,
  "lambda_max": 69.04600621075812,
  "effective_rank@1e-06": 185,
  "threshold": 1e-06
}