{
  "n": 1000,
  "trace": 999.9999999999999,
  "lambda_min": 0.00010202048000985683,
  "lambda_max": 252.49989922129453,
  "effective_rank@1e-06": 1000,
  "threshold": 1e-06
}