{
  "n": 1000,
  "trace": 1000.0,
  "lambda_min": -2.2702386349827746e-14,
  "lambda_max": 64.73094523045216,
  "effective_rank@1e-06": 185,
  "threshold": 1e-06
}