{
  "n": 1000,
  "trace": 1000.0000000000001,
  "lambda_min": -1.4339621636631132e-14,
  "lambda_max": 64.96056840863191,
  "effective_rank@1e-06": 185,
  "threshold": 1e-06
}