{
  "n": 1000,
  "trace": 1000.0000000000001,
  "lambda_min": -1.3878910855387506e-13,
  "lambda_max": 183.9133645075155,
  "effective_rank@1e-06": 185,
  "threshold": 1e-06
}