{
  "n": 1000,
  "trace": 1000.0000000000003,
  "lambda_min": -2.2043244687819233e-14,
  "lambda_max": 183.00801219779487,
  "effective_rank@1e-06": 185,
  "threshold": 1e-06
}