{
  "n": 1000,
  "trace": 999.9999999999997,
  "lambda_min": 0.0002417164588689102,
  "lambda_max": 252.21025038604466,
  "effective_rank@1e-06": 1000,
  "threshold": 1e-06
}