{
  "n": 351,
  "trace": 351.0,
  "lambda_min": -1.8958397677548586e-15,
  "lambda_max": 56.698096961661484,
  "effective_rank@1e-06": 350,
  "threshold": 1e-06
}