{
  "n": 351,
  "trace": 351.00000000000006,
  "lambda_min": 1.1593349750660992e-15,
  "lambda_max": 56.69809696166149,
  "effective_rank@1e-06": 350,
  "threshold": 1e-06
}