{
  "n": 351,
  "trace": 351.0,
  "lambda_min": 9.337623055118468e-17,
  "lambda_max": 56.69809696166149,
  "effective_rank@1e-06": 350,
  "threshold": 1e-06
}