{
  "n": 351,
  "trace": 351.0,
  "lambda_min": 0.01679168735403443,
  "lambda_max": 88.80317481017089,
  "effective_rank@1e-06": 351,
  "threshold": 1e-06
}