{
  "n": 351,
  "trace": 351.0,
  "lambda_min": -4.697942051336462e-16,
  "lambda_max": 7.021511915269695,
  "effective_rank@1e-06": 350,
  "threshold": 1e-06
}