{
  "n": 351,
  "trace": 350.99999999999994,
  "lambda_min": 0.01679168735403654,
  "lambda_max": 88.80317481017072,
  "effective_rank@1e-06": 351,
  "threshold": 1e-06
}