{
  "n": 351,
  "trace": 351.0000000000001,
  "lambda_min": 3.5326409783649828e-15,
  "lambda_max": 7.021511915269702,
  "effective_rank@1e-06": 350,
  "threshold": 1e-06
}