{
  "n": 351,
  "trace": 350.9999999999999,
  "lambda_min": 0.016791687354025774,
  "lambda_max": 88.80317481017063,
  "effective_rank@1e-06": 351,
  "threshold": 1e-06
}