{
  "n": 569,
  "trace": 569.0,
  "lambda_min": 0.13081658883818512,
  "lambda_max": 6.808554266477797,
  "effective_rank@1e-06": 569,
  "threshold": 1e-06
}