{
  "n": 569,
  "trace": 569.0000000000002,
  "lambda_min": 0.06740758846687714,
  "lambda_max": 110.21214757629073,
  "effective_rank@1e-06": 569,
  "threshold": 1e-06
}