{
  "n": 569,
  "trace": 569.0,
  "lambda_min": 0.13081498531689184,
  "lambda_max": 6.808514788091877,
  "effective_rank@1e-06": 569,
  "threshold": 1e-06
}