{
  "n": 569,
  "trace": 569.0,
  "lambda_min": 0.13081366293439373,
  "lambda_max": 6.808499085198752,
  "effective_rank@1e-06": 569,
  "threshold": 1e-06
}