{
  "n": 569,
  "trace": 569.0,
  "lambda_min": 0.01730518716570928,
  "lambda_max": 182.85811185147645,
  "effective_rank@1e-06": 569,
  "threshold": 1e-06
}