{
  "n": 569,
  "trace": 568.9999999999999,
  "lambda_min": 0.017302901155241687,
  "lambda_max": 182.85782127218016,
  "effective_rank@1e-06": 569,
  "threshold": 1e-06
}