{
  "n": 569,
  "trace": 569.0,
  "lambda_min": 0.06740828355044275,
  "lambda_max": 110.21214316058015,
  "effective_rank@1e-06": 569,
  "threshold": 1e-06
}