{
  "n": 569,
  "trace": 569.0000000000001,
  "lambda_min": 0.06740916742523484,
  "lambda_max": 110.21231907108327,
  "effective_rank@1e-06": 569,
  "threshold": 1e-06
}