{
  "n": 1000,
  "trace": 999.9999999999997,
  "lambda_min": 0.14952948190555176,
  "lambda_max": 255.2242820099447,
  "effective_rank@1e-06": 1000,
  "threshold": 1e-06
}