{
  "n": 1000,
  "trace": 1000.0000000000002,
  "lambda_min": 0.14269481642022525,
  "lambda_max": 255.2563500665994,
  "effective_rank@1e-06": 1000,
  "threshold": 1e-06
}