{
  "n": 1000,
  "trace": 1000.0000000000002,
  "lambda_min": 0.05692375681810723,
  "lambda_max": 159.8551882157139,
  "effective_rank@1e-06": 1000,
  "threshold": 1e-06
}