{
  "n": 1000,
  "trace": 1000.0,
  "lambda_min": 0.07222821661597871,
  "lambda_max": 2.2971261759727692,
  "effective_rank@1e-06": 1000,
  "threshold": 1e-06
}