{
  "n": 1000,
  "trace": 999.9999999999995,
  "lambda_min": 0.043481461553525225,
  "lambda_max": 159.62916971413415,
  "effective_rank@1e-06": 1000,
  "threshold": 1e-06
}