{
  "n": 1000,
  "trace": 1000.0,
  "lambda_min": 0.08929739455765331,
  "lambda_max": 2.6669344605695726,
  "effective_rank@1e-06": 1000,
  "threshold": 1e-06
}