{
  "n": 1000,
  "trace": 1000.0000000000001,
  "lambda_min": 0.09687081505760411,
  "lambda_max": 1.9031373078677438,
  "effective_rank@1e-06": 1000,
  "threshold": 1e-06
}