{
  "n": 1000,
  "trace": 999.9999999999998,
  "lambda_min": 0.06304260286004333,
  "lambda_max": 159.44710508905905,
  "effective_rank@1e-06": 1000,
  "threshold": 1e-06
}