{
  "n": 1000,
  "trace": 999.9999999999999,
  "lambda_min": 0.11370066119067651,
  "lambda_max": 255.47567432076232,
  "effective_rank@1e-06": 1000,
  "threshold": 1e-06
}