n: 150
trace: 84.77650358241472
lambda_min: -4.804287782011782e-15
lambda_max: 12.218512307280758
effective_rank@1e-06: 13
threshold: 1e-06
