n: 150
trace: 92.0068459475356
lambda_min: -1.4292335214440796e-16
lambda_max: 12.125601963443362
effective_rank@1e-06: 148
threshold: 1e-06
