{
  "n": 351,
  "trace": 350.9999999999999,
  "lambda_min": -4.592213183426458e-15,
  "lambda_max": 64.29992871138104,
  "effective_rank@1e-06": 185,
  "threshold": 1e-06
}