{
  "n": 351,
  "trace": 350.99999999999994,
  "lambda_min": -2.0533364132843046e-15,
  "lambda_max": 24.000725941043214,
  "effective_rank@1e-06": 185,
  "threshold": 1e-06
}