{
  "n": 351,
  "trace": 350.99999999999994,
  "lambda_min": 0.0006070255734944849,
  "lambda_max": 88.92704304157007,
  "effective_rank@1e-06": 351,
  "threshold": 1e-06
}