{
  "n": 351,
  "trace": 351.0,
  "lambda_min": 0.0006070255734947907,
  "lambda_max": 88.92704304157022,
  "effective_rank@1e-06": 351,
  "threshold": 1e-06
}