{
  "n": 351,
  "trace": 351.0000000000001,
  "lambda_min": -3.594658333455705e-15,
  "lambda_max": 64.29992871138107,
  "effective_rank@1e-06": 185,
  "threshold": 1e-06
}