{
  "n": 351,
  "trace": 351.00000000000006,
  "lambda_min": -3.3545455472466534e-15,
  "lambda_max": 24.0007259410432,
  "effective_rank@1e-06": 185,
  "threshold": 1e-06
}