{
  "n": 351,
  "trace": 351.00000000000006,
  "lambda_min": -1.2733996836628137e-14,
  "lambda_max": 64.299928711381,
  "effective_rank@1e-06": 185,
  "threshold": 1e-06
}