{
  "n": 920,
  "trace": 920.0,
  "lambda_min": -2.7681055335915618e-15,
  "lambda_max": 146.860666082229,
  "effective_rank@1e-06": 918,
  "threshold": 1e-06
}