{
  "n": 920,
  "trace": 920.0,
  "lambda_min": 0.005831020141548649,
  "lambda_max": 230.69137138092447,
  "effective_rank@1e-06": 920,
  "threshold": 1e-06
}