{
  "n": 920,
  "trace": 920.0000000000005,
  "lambda_min": -5.83667071154097e-16,
  "lambda_max": 146.860666082229,
  "effective_rank@1e-06": 918,
  "threshold": 1e-06
}