{
  "n": 920,
  "trace": 920.0,
  "lambda_min": 3.547387403247095e-16,
  "lambda_max": 15.459689386616912,
  "effective_rank@1e-06": 918,
  "threshold": 1e-06
}