{
  "n": 920,
  "trace": 920.0000000000001,
  "lambda_min": 2.0234088604685294e-15,
  "lambda_max": 146.86066608222905,
  "effective_rank@1e-06": 918,
  "threshold": 1e-06
}