{
  "n": 920,
  "trace": 920.0000000000002,
  "lambda_min": 1.3990136673916736e-15,
  "lambda_max": 15.459689386616933,
  "effective_rank@1e-06": 918,
  "threshold": 1e-06
}