{
  "n": 1000,
  "trace": 1000.0,
  "lambda_min": 0.022428219540629412,
  "lambda_max": 156.81744482253538,
  "effective_rank@1e-06": 1000,
  "threshold": 1e-06
}