{
  "n": 1000,
  "trace": 999.9999999999994,
  "lambda_min": 0.0366368886770047,
  "lambda_max": 252.8435394891593,
  "effective_rank@1e-06": 1000,
  "threshold": 1e-06
}