{
  "n": 1000,
  "trace": 999.9999999999997,
  "lambda_min": 0.02989737985736257,
  "lambda_max": 252.74365758946976,
  "effective_rank@1e-06": 1000,
  "threshold": 1e-06
}