{
  "n": 1000,
  "trace": 1000.0000000000001,
  "lambda_min": 0.31118083003323843,
  "lambda_max": 5.282790665246939,
  "effective_rank@1e-06": 1000,
  "threshold": 1e-06
}