{
  "n": 1000,
  "trace": 1000.0,
  "lambda_min": 0.038044040810658986,
  "lambda_max": 5.219349085285609,
  "effective_rank@1e-06": 1000,
  "threshold": 1e-06
}