{
  "n": 1000,
  "trace": 1000.0000000000001,
  "lambda_min": 0.1181969680245556,
  "lambda_max": 5.210968772470329,
  "effective_rank@1e-06": 1000,
  "threshold": 1e-06
}