{
  "n": 1000,
  "trace": 999.9999999999998,
  "lambda_min": 0.02700869135479944,
  "lambda_max": 253.6056153108574,
  "effective_rank@1e-06": 1000,
  "threshold": 1e-06
}