{
  "n": 1000,
  "trace": 1000.0,
  "lambda_min": 0.07559371553965594,
  "lambda_max": 156.0283699433544,
  "effective_rank@1e-06": 1000,
  "threshold": 1e-06
}