{
  "n": 2000,
  "trace": 2000.0,
  "lambda_min": 0.1266845144691674,
  "lambda_max": 501.1660588434236,
  "effective_rank@1e-06": 2000,
  "threshold": 1e-06
}