{
  "n": 2000,
  "trace": 2000.0,
  "lambda_min": 0.8610801202168039,
  "lambda_max": 1.138920106259541,
  "effective_rank@1e-06": 2000,
  "threshold": 1e-06
}