{
  "n": 2000,
  "trace": 1999.9999999999995,
  "lambda_min": 0.49073291192851165,
  "lambda_max": 314.786201217008,
  "effective_rank@1e-06": 2000,
  "threshold": 1e-06
}