{
  "n": 2000,
  "trace": 2000.0,
  "lambda_min": 0.378952561951169,
  "lambda_max": 314.2123239592348,
  "effective_rank@1e-06": 2000,
  "threshold": 1e-06
}