{
  "n": 2000,
  "trace": 2000.0,
  "lambda_min": 0.9457254097793167,
  "lambda_max": 1.054274928019221,
  "effective_rank@1e-06": 2000,
  "threshold": 1e-06
}