{
  "n": 2000,
  "trace": 1999.9999999999998,
  "lambda_min": 0.5447420301674555,
  "lambda_max": 314.6411594309108,
  "effective_rank@1e-06": 2000,
  "threshold": 1e-06
}