{
  "n": 2000,
  "trace": 2000.0,
  "lambda_min": 0.6225818801817606,
  "lambda_max": 1.3774182090832898,
  "effective_rank@1e-06": 2000,
  "threshold": 1e-06
}