{
  "n": 2000,
  "trace": 1999.999999999999,
  "lambda_min": 0.09863987697532933,
  "lambda_max": 501.19037591005895,
  "effective_rank@1e-06": 2000,
  "threshold": 1e-06
}