{
  "n": 569,
  "trace": 569.0,
  "lambda_min": -1.073598579224989e-14,
  "lambda_max": 71.6679535131641,
  "effective_rank@1e-06": 209,
  "threshold": 1e-06
}