{
  "n": 569,
  "trace": 569.0,
  "lambda_min": 0.0030282574985602815,
  "lambda_max": 174.80363143673748,
  "effective_rank@1e-06": 569,
  "threshold": 1e-06
}