{
  "n": 569,
  "trace": 568.9999999999999,
  "lambda_min": -1.741723230346474e-14,
  "lambda_max": 71.6679857702803,
  "effective_rank@1e-06": 209,
  "threshold": 1e-06
}