{
  "n": 569,
  "trace": 568.9999999999998,
  "lambda_min": -2.4218041671259095e-14,
  "lambda_max": 71.6679488824278,
  "effective_rank@1e-06": 209,
  "threshold": 1e-06
}