{
  "n": 569,
  "trace": 568.9999999999999,
  "lambda_min": -2.2640030221251985e-14,
  "lambda_max": 143.64113946144755,
  "effective_rank@1e-06": 209,
  "threshold": 1e-06
}