{
  "n": 569,
  "trace": 569.0000000000001,
  "lambda_min": -6.889204301999527e-15,
  "lambda_max": 143.6411165884575,
  "effective_rank@1e-06": 209,
  "threshold": 1e-06
}