{
  "n": 569,
  "trace": 569.0000000000002,
  "lambda_min": -7.68369363666544e-15,
  "lambda_max": 143.64111186287147,
  "effective_rank@1e-06": 209,
  "threshold": 1e-06
}