{
  "n": 569,
  "trace": 568.9999999999999,
  "lambda_min": 0.0030279856312296774,
  "lambda_max": 174.80363509126215,
  "effective_rank@1e-06": 569,
  "threshold": 1e-06
}