{
  "n": 569,
  "trace": 568.9999999999999,
  "lambda_min": 0.003028102592981254,
  "lambda_max": 174.80363134553352,
  "effective_rank@1e-06": 569,
  "threshold": 1e-06
}