{
  "n": 569,
  "trace": 569.0,
  "lambda_min": 0.5431058512881367,
  "lambda_max": 2.613513561860169,
  "effective_rank@1e-06": 569,
  "threshold": 1e-06
}