{
  "n": 569,
  "trace": 569.0000000000003,
  "lambda_min": 0.03811594184877616,
  "lambda_max": 183.3968455286986,
  "effective_rank@1e-06": 569,
  "threshold": 1e-06
}