{
  "n": 569,
  "trace": 568.9999999999999,
  "lambda_min": 0.03811585807619879,
  "lambda_max": 183.39690461685822,
  "effective_rank@1e-06": 569,
  "threshold": 1e-06
}