{
  "n": 569,
  "trace": 569.0,
  "lambda_min": 0.29653639987673,
  "lambda_max": 109.19760455325402,
  "effective_rank@1e-06": 569,
  "threshold": 1e-06
}