{
  "n": 569,
  "trace": 569.0000000000002,
  "lambda_min": 0.038116146729847394,
  "lambda_max": 183.39693289174107,
  "effective_rank@1e-06": 569,
  "threshold": 1e-06
}