{
  "n": 569,
  "trace": 569.0000000000001,
  "lambda_min": 0.2965340059712536,
  "lambda_max": 109.1976253579966,
  "effective_rank@1e-06": 569,
  "threshold": 1e-06
}