{
  "n": 569,
  "trace": 569.0,
  "lambda_min": 0.29652491535137554,
  "lambda_max": 109.19763928611862,
  "effective_rank@1e-06": 569,
  "threshold": 1e-06
}