{
  "n": 351,
  "trace": 351.0,
  "lambda_min": -3.733444527900481e-16,
  "lambda_max": 55.76480262531036,
  "effective_rank@1e-06": 350,
  "threshold": 1e-06
}