{
  "n": 351,
  "trace": 351.0,
  "lambda_min": -1.1815550692615811e-15,
  "lambda_max": 55.76480262531035,
  "effective_rank@1e-06": 350,
  "threshold": 1e-06
}