{
  "n": 351,
  "trace": 351.0,
  "lambda_min": 0.2032322835457333,
  "lambda_max": 88.76112512559907,
  "effective_rank@1e-06": 351,
  "threshold": 1e-06
}