{
  "n": 351,
  "trace": 350.99999999999994,
  "lambda_min": -2.362309285965791e-15,
  "lambda_max": 55.76480262531045,
  "effective_rank@1e-06": 350,
  "threshold": 1e-06
}