{
  "n": 351,
  "trace": 351.0000000000001,
  "lambda_min": -1.7763568394002513e-15,
  "lambda_max": 2.000000351192193,
  "effective_rank@1e-06": 350,
  "threshold": 1e-06
}