{
  "n": 351,
  "trace": 351.0000000000001,
  "lambda_min": -1.6185985285815782e-15,
  "lambda_max": 2.0000003511921927,
  "effective_rank@1e-06": 350,
  "threshold": 1e-06
}