{
  "n": 195,
  "trace": 195.0,
  "lambda_min": -1.600216243822872e-14,
  "lambda_max": 85.130466199864,
  "effective_rank@1e-06": 61,
  "threshold": 1e-06
}