{
  "n": 195,
  "trace": 195.00000000000003,
  "lambda_min": 0.2621062727694583,
  "lambda_max": 50.52229327698176,
  "effective_rank@1e-06": 195,
  "threshold": 1e-06
}