{
  "n": 195,
  "trace": 194.99999999999991,
  "lambda_min": -1.840712250534255e-14,
  "lambda_max": 85.13046619986405,
  "effective_rank@1e-06": 61,
  "threshold": 1e-06
}