{
  "n": 195,
  "trace": 195.0,
  "lambda_min": 0.41503632351387504,
  "lambda_max": 33.3649433347687,
  "effective_rank@1e-06": 195,
  "threshold": 1e-06
}