{
  "n": 195,
  "trace": 195.0,
  "lambda_min": 0.7236620004974338,
  "lambda_max": 2.090828691533405,
  "effective_rank@1e-06": 195,
  "threshold": 1e-06
}