{
  "n": 195,
  "trace": 195.00000000000003,
  "lambda_min": 0.6024935317500676,
  "lambda_max": 17.85126173291477,
  "effective_rank@1e-06": 195,
  "threshold": 1e-06
}