{
  "n": 195,
  "trace": 195.00000000000006,
  "lambda_min": 0.7573310704427277,
  "lambda_max": 1.7696651937965466,
  "effective_rank@1e-06": 195,
  "threshold": 1e-06
}