{
  "n": 195,
  "trace": 195.0,
  "lambda_min": 0.4150363235138807,
  "lambda_max": 33.36494333476869,
  "effective_rank@1e-06": 195,
  "threshold": 1e-06
}