{
  "n": 195,
  "trace": 195.00000000000009,
  "lambda_min": -1.0346096104564224e-14,
  "lambda_max": 77.61030342896095,
  "effective_rank@1e-06": 49,
  "threshold": 1e-06
}