{
  "n": 195,
  "trace": 195.00000000000003,
  "lambda_min": 0.10090443670588639,
  "lambda_max": 49.56409884093425,
  "effective_rank@1e-06": 195,
  "threshold": 1e-06
}