{
  "n": 195,
  "trace": 195.0,
  "lambda_min": 0.46491627601459107,
  "lambda_max": 30.9132855050498,
  "effective_rank@1e-06": 195,
  "threshold": 1e-06
}