{
  "n": 195,
  "trace": 195.0,
  "lambda_min": 0.10090443670588244,
  "lambda_max": 49.56409884093429,
  "effective_rank@1e-06": 195,
  "threshold": 1e-06
}