{
  "n": 195,
  "trace": 195.0,
  "lambda_min": 0.2972857854329841,
  "lambda_max": 46.593641861330966,
  "effective_rank@1e-06": 195,
  "threshold": 1e-06
}