{
  "n": 195,
  "trace": 195.0,
  "lambda_min": 0.46491627601459257,
  "lambda_max": 30.913285505049807,
  "effective_rank@1e-06": 195,
  "threshold": 1e-06
}