{
  "n": 195,
  "trace": 195.0,
  "lambda_min": 0.5515842780603519,
  "lambda_max": 19.236040725859688,
  "effective_rank@1e-06": 195,
  "threshold": 1e-06
}