{
  "n": 195,
  "trace": 195.0,
  "lambda_min": -1.465076111394762e-14,
  "lambda_max": 85.13046619986414,
  "effective_rank@1e-06": 61,
  "threshold": 1e-06
}