{
  "n": 195,
  "trace": 195.00000000000003,
  "lambda_min": 0.7236620004974392,
  "lambda_max": 2.0908286915333996,
  "effective_rank@1e-06": 195,
  "threshold": 1e-06
}