{
  "n": 195,
  "trace": 195.0,
  "lambda_min": 0.6024935317500614,
  "lambda_max": 17.851261732914747,
  "effective_rank@1e-06": 195,
  "threshold": 1e-06
}