{
  "n": 195,
  "trace": 195.0,
  "lambda_min": 0.757331070442727,
  "lambda_max": 1.769665193796548,
  "effective_rank@1e-06": 195,
  "threshold": 1e-06
}