{
  "n": 195,
  "trace": 195.00000000000009,
  "lambda_min": -1.5562531804050088e-14,
  "lambda_max": 77.61030342896109,
  "effective_rank@1e-06": 49,
  "threshold": 1e-06
}