{
  "n": 195,
  "trace": 195.0,
  "lambda_min": 0.2621062727694608,
  "lambda_max": 50.52229327698174,
  "effective_rank@1e-06": 195,
  "threshold": 1e-06
}