{
  "n": 195,
  "trace": 195.0,
  "lambda_min": 0.11099483887996334,
  "lambda_max": 52.74496244966089,
  "effective_rank@1e-06": 195,
  "threshold": 1e-06
}