{
  "n": 195,
  "trace": 194.99999999999997,
  "lambda_min": -1.3665227339813603e-14,
  "lambda_max": 77.61030342896069,
  "effective_rank@1e-06": 49,
  "threshold": 1e-06
}