{
  "n": 351,
  "trace": 351.0,
  "lambda_min": 8.315997115931649e-17,
  "lambda_max": 2.0000000690843676,
  "effective_rank@1e-06": 350,
  "threshold": 1e-06
}