{
  "n": 351,
  "trace": 351.0,
  "lambda_min": 6.587574456321078e-16,
  "lambda_max": 55.866335756943826,
  "effective_rank@1e-06": 350,
  "threshold": 1e-06
}