{
  "n": 351,
  "trace": 351.0,
  "lambda_min": 0.22829547083827992,
  "lambda_max": 88.89468791116558,
  "effective_rank@1e-06": 351,
  "threshold": 1e-06
}