{
  "n": 351,
  "trace": 351.00000000000017,
  "lambda_min": 0.22829547083828125,
  "lambda_max": 88.89468791116602,
  "effective_rank@1e-06": 351,
  "threshold": 1e-06
}