{
  "n": 351,
  "trace": 351.0000000000001,
  "lambda_min": -1.6617270449383322e-15,
  "lambda_max": 55.86633575694391,
  "effective_rank@1e-06": 350,
  "threshold": 1e-06
}