{
  "n": 351,
  "trace": 351.00000000000006,
  "lambda_min": 0.22829547083828386,
  "lambda_max": 88.89468791116596,
  "effective_rank@1e-06": 351,
  "threshold": 1e-06
}