{
  "n": 351,
  "trace": 351.0,
  "lambda_min": -4.767068831576404e-16,
  "lambda_max": 55.866335756943776,
  "effective_rank@1e-06": 350,
  "threshold": 1e-06
}