{
  "n": 1000,
  "trace": 1000.0000000000002,
  "lambda_min": 0.11129123467405616,
  "lambda_max": 255.58143214787788,
  "effective_rank@1e-06": 1000,
  "threshold": 1e-06
}