{
  "n": 1000,
  "trace": 1000.0000000000005,
  "lambda_min": 0.03186122270343675,
  "lambda_max": 159.67687806835556,
  "effective_rank@1e-06": 1000,
  "threshold": 1e-06
}