{
  "n": 1000,
  "trace": 1000.0,
  "lambda_min": 0.08095014547829563,
  "lambda_max": 2.1017026723905152,
  "effective_rank@1e-06": 1000,
  "threshold": 1e-06
}