{
  "n": 1000,
  "trace": 1000.0000000000001,
  "lambda_min": 0.05393756351875245,
  "lambda_max": 159.4142750540588,
  "effective_rank@1e-06": 1000,
  "threshold": 1e-06
}