{
  "n": 1000,
  "trace": 999.9999999999995,
  "lambda_min": 0.03701936443797121,
  "lambda_max": 159.64920003767537,
  "effective_rank@1e-06": 1000,
  "threshold": 1e-06
}