{
  "n": 1000,
  "trace": 999.9999999999993,
  "lambda_min": 0.12731225351793402,
  "lambda_max": 255.31562920205124,
  "effective_rank@1e-06": 1000,
  "threshold": 1e-06
}