{
  "n": 1000,
  "trace": 1000.0,
  "lambda_min": 0.052416349509804123,
  "lambda_max": 2.3733958147118193,
  "effective_rank@1e-06": 1000,
  "threshold": 1e-06
}