{
  "n": 1000,
  "trace": 1000.0,
  "lambda_min": 0.05968956089149005,
  "lambda_max": 3.0662768824694284,
  "effective_rank@1e-06": 1000,
  "threshold": 1e-06
}