{
  "n": 1000,
  "trace": 1000.0000000000002,
  "lambda_min": 0.10423741592685004,
  "lambda_max": 255.3187942734943,
  "effective_rank@1e-06": 1000,
  "threshold": 1e-06
}