{
  "n": 2000,
  "trace": 2000.0,
  "lambda_min": 0.3889022302442504,
  "lambda_max": 2.985174563898525,
  "effective_rank@1e-06": 2000,
  "threshold": 1e-06
}