{
  "n": 2000,
  "trace": 1999.9999999999998,
  "lambda_min": 0.1992998867332071,
  "lambda_max": 309.1638132354446,
  "effective_rank@1e-06": 2000,
  "threshold": 1e-06
}