{
  "n": 2000,
  "trace": 1999.9999999999998,
  "lambda_min": 0.6864353178227073,
  "lambda_max": 2.9881921339366793,
  "effective_rank@1e-06": 2000,
  "threshold": 1e-06
}