{
  "n": 2000,
  "trace": 2000.0000000000002,
  "lambda_min": 0.6611189447897244,
  "lambda_max": 2.9848282682862584,
  "effective_rank@1e-06": 2000,
  "threshold": 1e-06
}