{
  "n": 2000,
  "trace": 2000.0000000000002,
  "lambda_min": 0.379215290805125,
  "lambda_max": 308.71772056467034,
  "effective_rank@1e-06": 2000,
  "threshold": 1e-06
}