{
  "n": 2000,
  "trace": 2000.0000000000011,
  "lambda_min": 0.4031357676184442,
  "lambda_max": 309.27202703393624,
  "effective_rank@1e-06": 2000,
  "threshold": 1e-06
}