{
  "n": 2000,
  "trace": 2000.0000000000005,
  "lambda_min": 0.033295640717341694,
  "lambda_max": 501.4085342966843,
  "effective_rank@1e-06": 2000,
  "threshold": 1e-06
}