{
  "n": 2000,
  "trace": 1999.9999999999998,
  "lambda_min": -8.978618868981652e-14,
  "lambda_max": 361.64320774411374,
  "effective_rank@1e-06": 185,
  "threshold": 1e-06
}