{
  "n": 2000,
  "trace": 2000.000000000001,
  "lambda_min": 2.601572164179126e-05,
  "lambda_max": 502.33840638062657,
  "effective_rank@1e-06": 2000,
  "threshold": 1e-06
}