{
  "n": 2000,
  "trace": 2000.0000000000002,
  "lambda_min": -2.6830891619631663e-14,
  "lambda_max": 126.6341303920849,
  "effective_rank@1e-06": 185,
  "threshold": 1e-06
}