{
  "n": 2000,
  "trace": 1999.9999999999998,
  "lambda_min": -1.1398054704642901e-13,
  "lambda_max": 361.6629500483318,
  "effective_rank@1e-06": 185,
  "threshold": 1e-06
}