{
  "n": 2000,
  "trace": 1999.9999999999995,
  "lambda_min": 1.4233294628981639e-05,
  "lambda_max": 500.97814180938667,
  "effective_rank@1e-06": 2000,
  "threshold": 1e-06
}