{
  "n": 2000,
  "trace": 1999.9999999999995,
  "lambda_min": 3.425680237659844e-05,
  "lambda_max": 501.2405213444363,
  "effective_rank@1e-06": 2000,
  "threshold": 1e-06
}