{
  "n": 2000,
  "trace": 2000.000000000001,
  "lambda_min": -6.572697582188702e-14,
  "lambda_max": 361.17674662002617,
  "effective_rank@1e-06": 185,
  "threshold": 1e-06
}