{
  "n": 2000,
  "trace": 2000.0000000000007,
  "lambda_min": -2.6170723124779197e-14,
  "lambda_max": 127.18443516886049,
  "effective_rank@1e-06": 185,
  "threshold": 1e-06
}