{
  "n": 920,
  "trace": 920.0000000000002,
  "lambda_min": 0.0660358680878459,
  "lambda_max": 230.7620106536195,
  "effective_rank@1e-06": 920,
  "threshold": 1e-06
}