{
  "n": 920,
  "trace": 920.0,
  "lambda_min": 4.698297580460111e-15,
  "lambda_max": 2.0387001526887043,
  "effective_rank@1e-06": 918,
  "threshold": 1e-06
}