{
  "n": 920,
  "trace": 919.9999999999999,
  "lambda_min": -4.589749230189907e-16,
  "lambda_max": 142.82631574448808,
  "effective_rank@1e-06": 918,
  "threshold": 1e-06
}