{
  "n": 920,
  "trace": 919.9999999999998,
  "lambda_min": -1.0521460543920887e-15,
  "lambda_max": 142.82631574448806,
  "effective_rank@1e-06": 918,
  "threshold": 1e-06
}