{
  "n": 920,
  "trace": 919.9999999999999,
  "lambda_min": 8.620556217734404e-16,
  "lambda_max": 2.038700152688703,
  "effective_rank@1e-06": 918,
  "threshold": 1e-06
}