{
  "n": 920,
  "trace": 920.0000000000002,
  "lambda_min": -3.42936601531655e-15,
  "lambda_max": 142.8263157444882,
  "effective_rank@1e-06": 918,
  "threshold": 1e-06
}