{
  "n": 920,
  "trace": 920.0000000000001,
  "lambda_min": 0.06603586808784007,
  "lambda_max": 230.76201065361965,
  "effective_rank@1e-06": 920,
  "threshold": 1e-06
}