{
  "n": 2000,
  "trace": 2000.0000000000002,
  "lambda_min": 0.3962573787449985,
  "lambda_max": 1.603744430775718,
  "effective_rank@1e-06": 2000,
  "threshold": 1e-06
}