{
  "n": 2000,
  "trace": 2000.0,
  "lambda_min": 0.2696800900869362,
  "lambda_max": 1.7303206748565452,
  "effective_rank@1e-06": 2000,
  "threshold": 1e-06
}