{
  "n": 2000,
  "trace": 2000.0000000000005,
  "lambda_min": 0.12913527966972793,
  "lambda_max": 501.06670300632254,
  "effective_rank@1e-06": 2000,
  "threshold": 1e-06
}