{
  "n": 2000,
  "trace": 1999.9999999999995,
  "lambda_min": 0.08331348752912339,
  "lambda_max": 501.2361550306026,
  "effective_rank@1e-06": 2000,
  "threshold": 1e-06
}