{
  "n": 2000,
  "trace": 1999.9999999999995,
  "lambda_min": 0.16050858946672997,
  "lambda_max": 313.60555559263105,
  "effective_rank@1e-06": 2000,
  "threshold": 1e-06
}