{
  "n": 2000,
  "trace": 2000.0000000000005,
  "lambda_min": 0.22460467244503549,
  "lambda_max": 313.8896248094207,
  "effective_rank@1e-06": 2000,
  "threshold": 1e-06
}