{
  "n": 2000,
  "trace": 1999.9999999999998,
  "lambda_min": 0.48327347515513674,
  "lambda_max": 313.9895663934472,
  "effective_rank@1e-06": 2000,
  "threshold": 1e-06
}