{
  "n": 2000,
  "trace": 2000.0000000000018,
  "lambda_min": 0.11832598673571575,
  "lambda_max": 501.1542702321165,
  "effective_rank@1e-06": 2000,
  "threshold": 1e-06
}