{
  "n": 351,
  "trace": 351.0000000000001,
  "lambda_min": -6.356457620930513e-16,
  "lambda_max": 54.942297311434245,
  "effective_rank@1e-06": 350,
  "threshold": 1e-06
}