{
  "n": 351,
  "trace": 350.99999999999994,
  "lambda_min": 0.1119515867610687,
  "lambda_max": 88.70946625738716,
  "effective_rank@1e-06": 351,
  "threshold": 1e-06
}