{
  "n": 351,
  "trace": 351.0,
  "lambda_min": 2.6105790262233794e-15,
  "lambda_max": 2.291440741636091,
  "effective_rank@1e-06": 350,
  "threshold": 1e-06
}