{
  "n": 351,
  "trace": 351.0,
  "lambda_min": -1.4939955345884142e-15,
  "lambda_max": 54.94229731143419,
  "effective_rank@1e-06": 350,
  "threshold": 1e-06
}