{
  "n": 351,
  "trace": 350.99999999999983,
  "lambda_min": 0.1119515867610817,
  "lambda_max": 88.70946625738692,
  "effective_rank@1e-06": 351,
  "threshold": 1e-06
}