{
  "n": 351,
  "trace": 351.0000000000001,
  "lambda_min": -7.829454520828947e-16,
  "lambda_max": 54.94229731143426,
  "effective_rank@1e-06": 350,
  "threshold": 1e-06
}