{
  "n": 351,
  "trace": 351.0000000000001,
  "lambda_min": 0.11195158676106834,
  "lambda_max": 88.70946625738722,
  "effective_rank@1e-06": 351,
  "threshold": 1e-06
}