{
  "n": 351,
  "trace": 351.0,
  "lambda_min": 1.9642072627794344e-15,
  "lambda_max": 2.2914407416360882,
  "effective_rank@1e-06": 350,
  "threshold": 1e-06
}