{
  "n": 351,
  "trace": 351.0,
  "lambda_min": 2.2195613679840828e-15,
  "lambda_max": 2.2914407416360874,
  "effective_rank@1e-06": 350,
  "threshold": 1e-06
}