{
  "n": 2000,
  "trace": 2000.0,
  "lambda_min": 0.2889898927621327,
  "lambda_max": 308.67956836970643,
  "effective_rank@1e-06": 2000,
  "threshold": 1e-06
}