{
  "n": 2000,
  "trace": 1999.9999999999998,
  "lambda_min": 0.3303660114925465,
  "lambda_max": 308.75361305878874,
  "effective_rank@1e-06": 2000,
  "threshold": 1e-06
}