{
  "n": 2000,
  "trace": 2000.0,
  "lambda_min": 0.23987930503014165,
  "lambda_max": 2.9655821072137813,
  "effective_rank@1e-06": 2000,
  "threshold": 1e-06
}