{
  "n": 2000,
  "trace": 2000.0000000000002,
  "lambda_min": 0.5893421320694615,
  "lambda_max": 2.9666330293231855,
  "effective_rank@1e-06": 2000,
  "threshold": 1e-06
}