{
  "n": 2000,
  "trace": 2000.0000000000002,
  "lambda_min": 0.15418771425363553,
  "lambda_max": 308.80977499001574,
  "effective_rank@1e-06": 2000,
  "threshold": 1e-06
}