{
  "n": 2000,
  "trace": 2000.0,
  "lambda_min": 0.03146696787970843,
  "lambda_max": 500.84681745959386,
  "effective_rank@1e-06": 2000,
  "threshold": 1e-06
}