{
  "n": 2000,
  "trace": 1999.9999999999995,
  "lambda_min": 0.023792973936057338,
  "lambda_max": 500.7827489971304,
  "effective_rank@1e-06": 2000,
  "threshold": 1e-06
}