{
  "n": 2000,
  "trace": 2000.0,
  "lambda_min": 0.5058121479314479,
  "lambda_max": 2.958967692432624,
  "effective_rank@1e-06": 2000,
  "threshold": 1e-06
}