{
  "n": 2000,
  "trace": 2000.0000000000007,
  "lambda_min": 0.02750211149334602,
  "lambda_max": 500.8958428202038,
  "effective_rank@1e-06": 2000,
  "threshold": 1e-06
}