{
  "n": 150,
  "trace": 150.00000000000009,
  "lambda_min": -3.428867141150928e-14,
  "lambda_max": 106.37280461851608,
  "effective_rank@1e-06": 6,
  "threshold": 1e-06
}