{
  "n": 150,
  "trace": 149.99999999999997,
  "lambda_min": -1.40364028546355e-14,
  "lambda_max": 49.506235000247,
  "effective_rank@1e-06": 16,
  "threshold": 1e-06
}