{
  "n": 150,
  "trace": 104.07694459828467,
  "lambda_min": -3.773149193329265e-15,
  "lambda_max": 16.273044794357922,
  "effective_rank@1e-06": 15,
  "threshold": 1e-06
}