{
  "n": 150,
  "trace": 55.36588234786047,
  "lambda_min": -7.344890711426836e-15,
  "lambda_max": 13.856990217090239,
  "effective_rank@1e-06": 7,
  "threshold": 1e-06
}