{
  "n": 150,
  "trace": 85.3226662237389,
  "lambda_min": -4.549552910186402e-15,
  "lambda_max": 13.531885718527882,
  "effective_rank@1e-06": 13,
  "threshold": 1e-06
}