{
  "n": 150,
  "trace": 95.72439449940997,
  "lambda_min": -5.2618273125007374e-15,
  "lambda_max": 16.36069678185808,
  "effective_rank@1e-06": 16,
  "threshold": 1e-06
}