{
  "n": 150,
  "trace": 48.147304015557395,
  "lambda_min": -7.747098284141597e-15,
  "lambda_max": 12.210820768215294,
  "effective_rank@1e-06": 5,
  "threshold": 1e-06
}