{
  "n": 150,
  "trace": 149.99999999999994,
  "lambda_min": -2.713593259194273e-14,
  "lambda_max": 93.66144046918913,
  "effective_rank@1e-06": 8,
  "threshold": 1e-06
}