{
  "n": 150,
  "trace": 150.00000000000003,
  "lambda_min": -1.8380409024525637e-14,
  "lambda_max": 68.5100975303389,
  "effective_rank@1e-06": 16,
  "threshold": 1e-06
}