{
  "n": 150,
  "trace": 149.99999999999997,
  "lambda_min": -2.6463322715031334e-14,
  "lambda_max": 68.01713759675673,
  "effective_rank@1e-06": 16,
  "threshold": 1e-06
}