{
  "n": 150,
  "trace": 64.82686090037902,
  "lambda_min": -5.384243883899904e-15,
  "lambda_max": 13.332057577343928,
  "effective_rank@1e-06": 13,
  "threshold": 1e-06
}