{
  "n": 150,
  "trace": 55.545924379716624,
  "lambda_min": -6.718071458822927e-15,
  "lambda_max": 15.4424453757232,
  "effective_rank@1e-06": 7,
  "threshold": 1e-06
}