{
  "n": 150,
  "trace": 150.00000000000006,
  "lambda_min": -2.218886940186356e-14,
  "lambda_max": 88.68080186068153,
  "effective_rank@1e-06": 13,
  "threshold": 1e-06
}