{
  "n": 150,
  "trace": 101.89047603183829,
  "lambda_min": -5.067416865321096e-15,
  "lambda_max": 14.176036727142225,
  "effective_rank@1e-06": 13,
  "threshold": 1e-06
}