{
  "n": 150,
  "trace": 150.00000000000006,
  "lambda_min": -3.4778988473341184e-14,
  "lambda_max": 95.43023057521354,
  "effective_rank@1e-06": 8,
  "threshold": 1e-06
}