{
  "n": 150,
  "trace": 150.00000000000003,
  "lambda_min": -3.153473724262093e-14,
  "lambda_max": 109.90118525994315,
  "effective_rank@1e-06": 6,
  "threshold": 1e-06
}