{
  "n": 150,
  "trace": 57.041876897377485,
  "lambda_min": -6.507952236322823e-15,
  "lambda_max": 14.50522583242094,
  "effective_rank@1e-06": 7,
  "threshold": 1e-06
}