{
  "n": 150,
  "trace": 150.00000000000003,
  "lambda_min": -1.4829925508356204e-14,
  "lambda_max": 64.77305063710924,
  "effective_rank@1e-06": 13,
  "threshold": 1e-06
}