{
  "n": 150,
  "trace": 150.00000000000003,
  "lambda_min": -1.3273230247355986e-14,
  "lambda_max": 70.13166559039709,
  "effective_rank@1e-06": 16,
  "threshold": 1e-06
}