{
  "n": 150,
  "trace": 150.00000000000009,
  "lambda_min": -2.5432486525986825e-14,
  "lambda_max": 83.47382678488697,
  "effective_rank@1e-06": 16,
  "threshold": 1e-06
}