{
  "n": 150,
  "trace": 68.70439829605859,
  "lambda_min": -6.114005385863266e-15,
  "lambda_max": 14.83957966504592,
  "effective_rank@1e-06": 16,
  "threshold": 1e-06
}