{
  "n": 150,
  "trace": 101.7263664613697,
  "lambda_min": -6.316494122406435e-15,
  "lambda_max": 12.78446070691026,
  "effective_rank@1e-06": 13,
  "threshold": 1e-06
}