{
  "n": 150,
  "trace": 150.0,
  "lambda_min": -1.5111509328803446e-14,
  "lambda_max": 56.94715056596354,
  "effective_rank@1e-06": 16,
  "threshold": 1e-06
}