{
  "n": 150,
  "trace": 150.0,
  "lambda_min": -2.3259999313266164e-14,
  "lambda_max": 65.04493072322359,
  "effective_rank@1e-06": 13,
  "threshold": 1e-06
}