{
  "n": 150,
  "trace": 103.45568618697898,
  "lambda_min": -4.764930492731842e-15,
  "lambda_max": 16.75779424034891,
  "effective_rank@1e-06": 15,
  "threshold": 1e-06
}