{
  "n": 150,
  "trace": 95.25046486577729,
  "lambda_min": -5.888175824264949e-15,
  "lambda_max": 16.10197064724724,
  "effective_rank@1e-06": 16,
  "threshold": 1e-06
}