{
  "n": 150,
  "trace": 149.99999999999994,
  "lambda_min": -2.3923743170159243e-14,
  "lambda_max": 82.05971779491209,
  "effective_rank@1e-06": 16,
  "threshold": 1e-06
}