{
  "n": 150,
  "trace": 149.99999999999994,
  "lambda_min": -3.552614835416883e-14,
  "lambda_max": 104.23679757309057,
  "effective_rank@1e-06": 6,
  "threshold": 1e-06
}