{
  "n": 150,
  "trace": 149.99999999999994,
  "lambda_min": -3.068135716266885e-14,
  "lambda_max": 85.81512432625438,
  "effective_rank@1e-06": 13,
  "threshold": 1e-06
}