{
  "n": 150,
  "trace": 96.02714086341506,
  "lambda_min": -5.3259798789986695e-15,
  "lambda_max": 15.769249086879293,
  "effective_rank@1e-06": 16,
  "threshold": 1e-06
}