{
  "n": 150,
  "trace": 149.99999999999997,
  "lambda_min": -1.6412182827570197e-14,
  "lambda_max": 48.19879543497693,
  "effective_rank@1e-06": 16,
  "threshold": 1e-06
}