{
  "n": 150,
  "trace": 111.68187581296013,
  "lambda_min": -4.591430211617208e-15,
  "lambda_max": 14.268849611391468,
  "effective_rank@1e-06": 12,
  "threshold": 1e-06
}