{
  "n": 150,
  "trace": 47.92868840130142,
  "lambda_min": -6.725750223265413e-15,
  "lambda_max": 12.840371021076077,
  "effective_rank@1e-06": 5,
  "threshold": 1e-06
}