{
  "n": 150,
  "trace": 111.70483212422731,
  "lambda_min": -4.432808644515662e-15,
  "lambda_max": 13.769692335877703,
  "effective_rank@1e-06": 12,
  "threshold": 1e-06
}