{
  "n": 150,
  "trace": 111.85371155045767,
  "lambda_min": -5.070711126501428e-15,
  "lambda_max": 13.086045719481849,
  "effective_rank@1e-06": 12,
  "threshold": 1e-06
}