{
  "n": 150,
  "trace": 149.99999999999997,
  "lambda_min": -1.8400099658211167e-14,
  "lambda_max": 69.98018176247626,
  "effective_rank@1e-06": 16,
  "threshold": 1e-06
}