{
  "n": 150,
  "trace": 150.00000000000003,
  "lambda_min": -1.8709121499525122e-14,
  "lambda_max": 69.38183219822395,
  "effective_rank@1e-06": 16,
  "threshold": 1e-06
}