{
  "n": 150,
  "trace": 150.00000000000006,
  "lambda_min": -2.593824022743961e-14,
  "lambda_max": 104.0268158578746,
  "effective_rank@1e-06": 6,
  "threshold": 1e-06
}