{
  "n": 150,
  "trace": 150.00000000000003,
  "lambda_min": -1.0138830574919202e-14,
  "lambda_max": 49.31875678117244,
  "effective_rank@1e-06": 16,
  "threshold": 1e-06
}