{
  "n": 150,
  "trace": 149.99999999999997,
  "lambda_min": -2.5285500098482286e-14,
  "lambda_max": 84.31283058491806,
  "effective_rank@1e-06": 16,
  "threshold": 1e-06
}