{
  "n": 150,
  "trace": 149.99999999999997,
  "lambda_min": -1.2137951204089626e-14,
  "lambda_max": 48.35941392090942,
  "effective_rank@1e-06": 13,
  "threshold": 1e-06
}