{
  "n": 150,
  "trace": 149.99999999999997,
  "lambda_min": -8.967971909532819e-15,
  "lambda_max": 38.37082394623544,
  "effective_rank@1e-06": 13,
  "threshold": 1e-06
}