{
  "n": 150,
  "trace": 47.47464759369837,
  "lambda_min": -8.269558135830299e-15,
  "lambda_max": 12.303489817193062,
  "effective_rank@1e-06": 5,
  "threshold": 1e-06
}