{
  "n": 150,
  "trace": 64.93416547548753,
  "lambda_min": -5.524669284256549e-15,
  "lambda_max": 13.870107188159283,
  "effective_rank@1e-06": 13,
  "threshold": 1e-06
}