{
  "n": 150,
  "trace": 150.00000000000003,
  "lambda_min": -1.7156225699340456e-14,
  "lambda_max": 56.50584611336902,
  "effective_rank@1e-06": 16,
  "threshold": 1e-06
}