{
  "n": 150,
  "trace": 64.63080807475572,
  "lambda_min": -5.920920115588503e-15,
  "lambda_max": 13.972457003108282,
  "effective_rank@1e-06": 13,
  "threshold": 1e-06
}