{
  "n": 150,
  "trace": 149.99999999999997,
  "lambda_min": -3.218407565751886e-14,
  "lambda_max": 104.45243391320543,
  "effective_rank@1e-06": 6,
  "threshold": 1e-06
}