{
  "n": 150,
  "trace": 45.95602018183039,
  "lambda_min": -8.429989800657109e-15,
  "lambda_max": 12.217369253051242,
  "effective_rank@1e-06": 5,
  "threshold": 1e-06
}