{
  "n": 150,
  "trace": 102.21397925107202,
  "lambda_min": -6.016964765940742e-15,
  "lambda_max": 12.820308956172152,
  "effective_rank@1e-06": 13,
  "threshold": 1e-06
}