{
  "n": 150,
  "trace": 68.86040693786234,
  "lambda_min": -5.492245548075227e-15,
  "lambda_max": 15.355594326760185,
  "effective_rank@1e-06": 16,
  "threshold": 1e-06
}