{
  "n": 150,
  "trace": 62.04129521959217,
  "lambda_min": -5.899470442835129e-15,
  "lambda_max": 12.89191967645911,
  "effective_rank@1e-06": 13,
  "threshold": 1e-06
}