{
  "n": 150,
  "trace": 150.00000000000003,
  "lambda_min": -1.277907555207059e-14,
  "lambda_max": 48.06242699858721,
  "effective_rank@1e-06": 13,
  "threshold": 1e-06
}