{
  "n": 150,
  "trace": 150.00000000000003,
  "lambda_min": -1.602280298018151e-14,
  "lambda_max": 47.93695321098764,
  "effective_rank@1e-06": 13,
  "threshold": 1e-06
}