{
  "n": 150,
  "trace": 150.00000000000003,
  "lambda_min": -7.947289451091631e-15,
  "lambda_max": 38.62396611598215,
  "effective_rank@1e-06": 13,
  "threshold": 1e-06
}