{
  "n": 150,
  "trace": 111.4502882900595,
  "lambda_min": -6.453680956450104e-15,
  "lambda_max": 14.565669730102103,
  "effective_rank@1e-06": 12,
  "threshold": 1e-06
}