{
  "n": 150,
  "trace": 81.52397556962339,
  "lambda_min": -5.907209295506949e-15,
  "lambda_max": 14.521811533658854,
  "effective_rank@1e-06": 16,
  "threshold": 1e-06
}