{
  "n": 150,
  "trace": 111.52828982974506,
  "lambda_min": -5.085025787240181e-15,
  "lambda_max": 14.7703786455405,
  "effective_rank@1e-06": 12,
  "threshold": 1e-06
}