{
  "n": 150,
  "trace": 149.99999999999997,
  "lambda_min": -3.237175355496266e-14,
  "lambda_max": 82.03355542119664,
  "effective_rank@1e-06": 16,
  "threshold": 1e-06
}