{
  "n": 150,
  "trace": 102.0676084728081,
  "lambda_min": -5.672846296065962e-15,
  "lambda_max": 13.386768230001866,
  "effective_rank@1e-06": 13,
  "threshold": 1e-06
}