{
  "n": 150,
  "trace": 83.04243324808577,
  "lambda_min": -5.382534118270936e-15,
  "lambda_max": 15.170316489568858,
  "effective_rank@1e-06": 16,
  "threshold": 1e-06
}