{
  "n": 150,
  "trace": 57.19960704394639,
  "lambda_min": -6.9131623439067525e-15,
  "lambda_max": 15.73161941107085,
  "effective_rank@1e-06": 7,
  "threshold": 1e-06
}