{
  "n": 150,
  "trace": 150.00000000000006,
  "lambda_min": -2.3377291749101094e-14,
  "lambda_max": 64.91059762272418,
  "effective_rank@1e-06": 13,
  "threshold": 1e-06
}