{
  "n": 150,
  "trace": 84.16303465040309,
  "lambda_min": -5.5043996373305895e-15,
  "lambda_max": 12.485171283307558,
  "effective_rank@1e-06": 13,
  "threshold": 1e-06
}