{
  "n": 150,
  "trace": 102.71874026073641,
  "lambda_min": -4.2284731257638154e-15,
  "lambda_max": 15.271388753317767,
  "effective_rank@1e-06": 15,
  "threshold": 1e-06
}