{
  "n": 150,
  "trace": 42.292588700992916,
  "lambda_min": -8.771424610062152e-15,
  "lambda_max": 11.35610289960958,
  "effective_rank@1e-06": 5,
  "threshold": 1e-06
}