{
  "n": 150,
  "trace": 149.99999999999997,
  "lambda_min": -2.90021215513306e-14,
  "lambda_max": 95.28958879151287,
  "effective_rank@1e-06": 8,
  "threshold": 1e-06
}