{
  "n": 150,
  "trace": 150.00000000000003,
  "lambda_min": -8.137851009218306e-15,
  "lambda_max": 38.81215864502755,
  "effective_rank@1e-06": 13,
  "threshold": 1e-06
}