{
  "n": 150,
  "trace": 149.99999999999997,
  "lambda_min": -1.517929913566867e-14,
  "lambda_max": 48.5417400107405,
  "effective_rank@1e-06": 13,
  "threshold": 1e-06
}