{
  "n": 150,
  "trace": 94.3088533079139,
  "lambda_min": -5.557975223946716e-15,
  "lambda_max": 15.477796597432942,
  "effective_rank@1e-06": 16,
  "threshold": 1e-06
}