{
  "n": 150,
  "trace": 85.48352287836805,
  "lambda_min": -4.994709058182506e-15,
  "lambda_max": 12.955054275316948,
  "effective_rank@1e-06": 13,
  "threshold": 1e-06
}