{
  "n": 150,
  "trace": 67.70086316462394,
  "lambda_min": -5.721582205483193e-15,
  "lambda_max": 14.930562624674575,
  "effective_rank@1e-06": 16,
  "threshold": 1e-06
}