{
  "n": 150,
  "trace": 66.78598729972079,
  "lambda_min": -5.849038240499771e-15,
  "lambda_max": 14.352856511008916,
  "effective_rank@1e-06": 16,
  "threshold": 1e-06
}