{
  "n": 150,
  "trace": 150.00000000000006,
  "lambda_min": -2.72468444580599e-14,
  "lambda_max": 92.9509277079597,
  "effective_rank@1e-06": 8,
  "threshold": 1e-06
}