{
  "n": 150,
  "trace": 150.00000000000006,
  "lambda_min": -1.4465066300068197e-14,
  "lambda_max": 51.04749166942375,
  "effective_rank@1e-06": 16,
  "threshold": 1e-06
}