{
  "n": 150,
  "trace": 63.426369527359846,
  "lambda_min": -6.2294923639852036e-15,
  "lambda_max": 13.110276131106316,
  "effective_rank@1e-06": 13,
  "threshold": 1e-06
}