{
  "n": 150,
  "trace": 149.99999999999994,
  "lambda_min": -3.170569099522464e-14,
  "lambda_max": 93.53823377921745,
  "effective_rank@1e-06": 8,
  "threshold": 1e-06
}