{
  "n": 150,
  "trace": 67.51070341427608,
  "lambda_min": -5.2505510911807906e-15,
  "lambda_max": 14.637767641164167,
  "effective_rank@1e-06": 16,
  "threshold": 1e-06
}