{
  "n": 150,
  "trace": 149.99999999999997,
  "lambda_min": -1.013927858578887e-14,
  "lambda_max": 58.05431591202492,
  "effective_rank@1e-06": 16,
  "threshold": 1e-06
}