{
  "n": 150,
  "trace": 150.00000000000003,
  "lambda_min": -2.3163780427716006e-14,
  "lambda_max": 85.99883253665405,
  "effective_rank@1e-06": 13,
  "threshold": 1e-06
}