{
  "n": 150,
  "trace": 84.63904579339221,
  "lambda_min": -4.673953691610704e-15,
  "lambda_max": 12.847820245227883,
  "effective_rank@1e-06": 13,
  "threshold": 1e-06
}