{
  "n": 150,
  "trace": 82.04037221607685,
  "lambda_min": -5.933503890670478e-15,
  "lambda_max": 15.257998587333008,
  "effective_rank@1e-06": 16,
  "threshold": 1e-06
}