{
  "n": 150,
  "trace": 85.25455189863813,
  "lambda_min": -5.142141105800241e-15,
  "lambda_max": 13.797234791734114,
  "effective_rank@1e-06": 13,
  "threshold": 1e-06
}