{
  "n": 150,
  "trace": 94.65945631898637,
  "lambda_min": -5.560234793814323e-15,
  "lambda_max": 14.905467481181422,
  "effective_rank@1e-06": 16,
  "threshold": 1e-06
}