{
  "n": 150,
  "trace": 101.69289456335054,
  "lambda_min": -5.263956289684166e-15,
  "lambda_max": 13.463262203715573,
  "effective_rank@1e-06": 13,
  "threshold": 1e-06
}