{
  "n": 150,
  "trace": 82.88374858007857,
  "lambda_min": -5.776003006067803e-15,
  "lambda_max": 15.767123291927625,
  "effective_rank@1e-06": 16,
  "threshold": 1e-06
}