{
  "n": 150,
  "trace": 150.00000000000006,
  "lambda_min": -1.8708742826185786e-14,
  "lambda_max": 66.07236014501979,
  "effective_rank@1e-06": 13,
  "threshold": 1e-06
}