{
  "n": 150,
  "trace": 57.68861134455492,
  "lambda_min": -6.667164846534852e-15,
  "lambda_max": 15.532418019891995,
  "effective_rank@1e-06": 7,
  "threshold": 1e-06
}