{
  "n": 150,
  "trace": 150.00000000000003,
  "lambda_min": -1.6627668655472302e-14,
  "lambda_max": 55.643768029997304,
  "effective_rank@1e-06": 16,
  "threshold": 1e-06
}