{
  "n": 150,
  "trace": 149.99999999999997,
  "lambda_min": -1.095433062587242e-14,
  "lambda_max": 38.906626024592484,
  "effective_rank@1e-06": 13,
  "threshold": 1e-06
}