{
  "n": 150,
  "trace": 102.2107912114231,
  "lambda_min": -4.513813906848823e-15,
  "lambda_max": 15.884492546693147,
  "effective_rank@1e-06": 15,
  "threshold": 1e-06
}