{
  "n": 150,
  "trace": 103.74552095266506,
  "lambda_min": -5.081337541022646e-15,
  "lambda_max": 16.8435334939902,
  "effective_rank@1e-06": 15,
  "threshold": 1e-06
}