{
  "n": 150,
  "trace": 150.0,
  "lambda_min": -1.8030646229774678e-14,
  "lambda_max": 65.64508070770384,
  "effective_rank@1e-06": 13,
  "threshold": 1e-06
}