{
  "n": 150,
  "trace": 81.62286013215318,
  "lambda_min": -5.676595946304184e-15,
  "lambda_max": 15.087090346375277,
  "effective_rank@1e-06": 16,
  "threshold": 1e-06
}