{
  "n": 150,
  "trace": 149.99999999999994,
  "lambda_min": -1.452173566567635e-14,
  "lambda_max": 48.460409582772655,
  "effective_rank@1e-06": 13,
  "threshold": 1e-06
}