{
  "n": 195,
  "trace": 195.0,
  "lambda_min": 0.5275105075377421,
  "lambda_max": 30.951729392877333,
  "effective_rank@1e-06": 195,
  "threshold": 1e-06
}