{
  "n": 195,
  "trace": 195.00000000000006,
  "lambda_min": 0.14225028119220975,
  "lambda_max": 49.36708866943448,
  "effective_rank@1e-06": 195,
  "threshold": 1e-06
}