{
  "n": 195,
  "trace": 194.99999999999997,
  "lambda_min": 0.8862180363042023,
  "lambda_max": 1.1926168470797323,
  "effective_rank@1e-06": 195,
  "threshold": 1e-06
}