{
  "n": 195,
  "trace": 195.00000000000009,
  "lambda_min": 0.14225028119218874,
  "lambda_max": 49.36708866943453,
  "effective_rank@1e-06": 195,
  "threshold": 1e-06
}