{
  "n": 195,
  "trace": 194.99999999999994,
  "lambda_min": 0.8862180363042069,
  "lambda_max": 1.1926168470797314,
  "effective_rank@1e-06": 195,
  "threshold": 1e-06
}