{
  "n": 195,
  "trace": 194.99999999999997,
  "lambda_min": 0.5275105075377482,
  "lambda_max": 30.95172939287734,
  "effective_rank@1e-06": 195,
  "threshold": 1e-06
}