{
  "n": 195,
  "trace": 195.0,
  "lambda_min": 0.14225028119220884,
  "lambda_max": 49.367088669434395,
  "effective_rank@1e-06": 195,
  "threshold": 1e-06
}