{
  "n": 2000,
  "trace": 1999.9999999999998,
  "lambda_min": -4.2475486935820363e-14,
  "lambda_max": 127.58467654388707,
  "effective_rank@1e-06": 185,
  "threshold": 1e-06
}