{
  "n": 2000,
  "trace": 2000.0000000000007,
  "lambda_min": -3.8781810529090804e-14,
  "lambda_max": 363.9417237459254,
  "effective_rank@1e-06": 185,
  "threshold": 1e-06
}