{
  "n": 2000,
  "trace": 2000.0000000000005,
  "lambda_min": 1.679340932688547e-05,
  "lambda_max": 502.881952255108,
  "effective_rank@1e-06": 2000,
  "threshold": 1e-06
}