{
  "n": 2000,
  "trace": 2000.000000000001,
  "lambda_min": -4.1434758969855676e-14,
  "lambda_max": 362.84223112665256,
  "effective_rank@1e-06": 185,
  "threshold": 1e-06
}