{
  "n": 2000,
  "trace": 2000.0000000000011,
  "lambda_min": 3.517285737814658e-05,
  "lambda_max": 502.54285602414654,
  "effective_rank@1e-06": 2000,
  "threshold": 1e-06
}