{
  "n": 2000,
  "trace": 1999.9999999999998,
  "lambda_min": 3.5451085144535794e-05,
  "lambda_max": 502.4306150399991,
  "effective_rank@1e-06": 2000,
  "threshold": 1e-06
}