{
  "n": 2000,
  "trace": 2000.0000000000005,
  "lambda_min": -1.7767825723710792e-14,
  "lambda_max": 127.35095450630754,
  "effective_rank@1e-06": 185,
  "threshold": 1e-06
}