{
  "n": 2000,
  "trace": 1999.9999999999998,
  "lambda_min": -7.68657473074596e-14,
  "lambda_max": 127.55139454230817,
  "effective_rank@1e-06": 185,
  "threshold": 1e-06
}