{
  "n": 2000,
  "trace": 1999.9999999999998,
  "lambda_min": -5.3127117050191987e-14,
  "lambda_max": 363.02313073317464,
  "effective_rank@1e-06": 185,
  "threshold": 1e-06
}