{
  "n": 195,
  "trace": 195.00000000000003,
  "lambda_min": 0.0037816166198322973,
  "lambda_max": 49.41566173084897,
  "effective_rank@1e-06": 195,
  "threshold": 1e-06
}