{
  "n": 195,
  "trace": 195.0,
  "lambda_min": 0.003781616619832663,
  "lambda_max": 49.415661730848775,
  "effective_rank@1e-06": 195,
  "threshold": 1e-06
}