{
  "n": 195,
  "trace": 195.0,
  "lambda_min": 8.323332025563821e-16,
  "lambda_max": 13.219763176573785,
  "effective_rank@1e-06": 185,
  "threshold": 1e-06
}