{
  "n": 195,
  "trace": 195.0,
  "lambda_min": 8.110542397886797e-16,
  "lambda_max": 13.21976317657375,
  "effective_rank@1e-06": 185,
  "threshold": 1e-06
}