{
  "n": 195,
  "trace": 195.00000000000003,
  "lambda_min": -8.262051874729362e-16,
  "lambda_max": 36.175244197227386,
  "effective_rank@1e-06": 185,
  "threshold": 1e-06
}