{
  "n": 195,
  "trace": 195.0,
  "lambda_min": -8.59281322444588e-16,
  "lambda_max": 36.17524419722744,
  "effective_rank@1e-06": 185,
  "threshold": 1e-06
}