{
  "n": 195,
  "trace": 195.0,
  "lambda_min": 6.790087109375418e-16,
  "lambda_max": 13.219763176573668,
  "effective_rank@1e-06": 185,
  "threshold": 1e-06
}