{
  "n": 195,
  "trace": 195.00000000000003,
  "lambda_min": -8.029106829496487e-16,
  "lambda_max": 36.17524419722733,
  "effective_rank@1e-06": 185,
  "threshold": 1e-06
}