{
  "n": 2000,
  "trace": 1999.999999999999,
  "lambda_min": 0.13556301788513983,
  "lambda_max": 312.53559480465464,
  "effective_rank@1e-06": 2000,
  "threshold": 1e-06
}