{
  "n": 2000,
  "trace": 1999.999999999999,
  "lambda_min": 0.17034982325827386,
  "lambda_max": 313.1579952342216,
  "effective_rank@1e-06": 2000,
  "threshold": 1e-06
}