{
  "n": 2000,
  "trace": 1999.9999999999995,
  "lambda_min": 0.18277292161186623,
  "lambda_max": 312.57164319314205,
  "effective_rank@1e-06": 2000,
  "threshold": 1e-06
}