{
  "n": 2000,
  "trace": 1999.9999999999998,
  "lambda_min": 0.22747397257976076,
  "lambda_max": 1.7725358748884927,
  "effective_rank@1e-06": 2000,
  "threshold": 1e-06
}