{
  "n": 2000,
  "trace": 2000.0,
  "lambda_min": 0.2506067053478947,
  "lambda_max": 1.7494148194946788,
  "effective_rank@1e-06": 2000,
  "threshold": 1e-06
}