{
  "n": 2000,
  "trace": 1999.9999999999995,
  "lambda_min": 0.09522463970784278,
  "lambda_max": 501.0315351944854,
  "effective_rank@1e-06": 2000,
  "threshold": 1e-06
}