{
  "n": 2000,
  "trace": 1999.9999999999998,
  "lambda_min": 0.11064633722763989,
  "lambda_max": 501.0570137660849,
  "effective_rank@1e-06": 2000,
  "threshold": 1e-06
}