{
  "n": 2000,
  "trace": 2000.0000000000005,
  "lambda_min": 0.14900353794722174,
  "lambda_max": 504.64492728402047,
  "effective_rank@1e-06": 2000,
  "threshold": 1e-06
}