{
  "n": 2000,
  "trace": 2000.0,
  "lambda_min": 0.10652681980600304,
  "lambda_max": 504.9820141738053,
  "effective_rank@1e-06": 2000,
  "threshold": 1e-06
}