{
  "n": 2000,
  "trace": 1999.9999999999995,
  "lambda_min": 0.5403283342540917,
  "lambda_max": 318.24619402279353,
  "effective_rank@1e-06": 2000,
  "threshold": 1e-06
}