{
  "n": 2000,
  "trace": 2000.000000000002,
  "lambda_min": 0.1587644979125037,
  "lambda_max": 504.37946971926567,
  "effective_rank@1e-06": 2000,
  "threshold": 1e-06
}