{
  "n": 2000,
  "trace": 2000.0,
  "lambda_min": 0.45512702016153456,
  "lambda_max": 311.31051537621494,
  "effective_rank@1e-06": 2000,
  "threshold": 1e-06
}