{
  "n": 2000,
  "trace": 2000.0,
  "lambda_min": 0.5432218413562659,
  "lambda_max": 318.4360142695277,
  "effective_rank@1e-06": 2000,
  "threshold": 1e-06
}