{
  "n": 2000,
  "trace": 1999.9999999999995,
  "lambda_min": 0.9314104683885611,
  "lambda_max": 1.0687094513913529,
  "effective_rank@1e-06": 2000,
  "threshold": 1e-06
}