{
  "n": 2000,
  "trace": 2000.0,
  "lambda_min": 0.9659893647456624,
  "lambda_max": 1.034047385456778,
  "effective_rank@1e-06": 2000,
  "threshold": 1e-06
}