{
  "n": 195,
  "trace": 195.0000000000001,
  "lambda_min": 0.08543097291263235,
  "lambda_max": 49.38352594030728,
  "effective_rank@1e-06": 195,
  "threshold": 1e-06
}