{
  "n": 195,
  "trace": 195.0,
  "lambda_min": 0.4052036171726695,
  "lambda_max": 31.021915551713313,
  "effective_rank@1e-06": 195,
  "threshold": 1e-06
}