{
  "n": 195,
  "trace": 194.99999999999997,
  "lambda_min": 0.08543097291260943,
  "lambda_max": 49.38352594030721,
  "effective_rank@1e-06": 195,
  "threshold": 1e-06
}