{
  "n": 195,
  "trace": 194.99999999999997,
  "lambda_min": 0.4052036171726686,
  "lambda_max": 31.021915551713334,
  "effective_rank@1e-06": 195,
  "threshold": 1e-06
}