{
  "n": 195,
  "trace": 194.99999999999994,
  "lambda_min": 0.722302022242599,
  "lambda_max": 1.7632879032735118,
  "effective_rank@1e-06": 195,
  "threshold": 1e-06
}