{
  "n": 195,
  "trace": 195.00000000000003,
  "lambda_min": 0.0854309729126318,
  "lambda_max": 49.383525940307194,
  "effective_rank@1e-06": 195,
  "threshold": 1e-06
}