{
  "n": 195,
  "trace": 194.99999999999997,
  "lambda_min": 0.7223020222425993,
  "lambda_max": 1.7632879032735111,
  "effective_rank@1e-06": 195,
  "threshold": 1e-06
}