{
  "n": 2000,
  "trace": 1999.9999999999998,
  "lambda_min": -8.830938906414359e-14,
  "lambda_max": 361.65698659613327,
  "effective_rank@1e-06": 185,
  "threshold": 1e-06
}