{
  "n": 2000,
  "trace": 2000.0000000000011,
  "lambda_min": 2.6925181284037505e-05,
  "lambda_max": 501.21076860204585,
  "effective_rank@1e-06": 2000,
  "threshold": 1e-06
}