{
  "n": 2000,
  "trace": 2000.0,
  "lambda_min": -4.0705107319027544e-14,
  "lambda_max": 362.76756606966774,
  "effective_rank@1e-06": 185,
  "threshold": 1e-06
}