{
  "n": 2000,
  "trace": 2000.0,
  "lambda_min": 2.362753353113381e-05,
  "lambda_max": 501.17062666484935,
  "effective_rank@1e-06": 2000,
  "threshold": 1e-06
}