{
  "n": 2000,
  "trace": 1999.9999999999995,
  "lambda_min": -7.669135321561866e-14,
  "lambda_max": 126.28846770408856,
  "effective_rank@1e-06": 185,
  "threshold": 1e-06
}