{
  "n": 2000,
  "trace": 1999.9999999999998,
  "lambda_min": -2.7944159893464512e-14,
  "lambda_max": 126.06315159723147,
  "effective_rank@1e-06": 185,
  "threshold": 1e-06
}