{
  "n": 2000,
  "trace": 2000.000000000001,
  "lambda_min": -5.6756361956549946e-14,
  "lambda_max": 359.9638383667169,
  "effective_rank@1e-06": 185,
  "threshold": 1e-06
}