{
  "n": 2000,
  "trace": 1999.9999999999998,
  "lambda_min": 3.0393613033879063e-05,
  "lambda_max": 500.8121778124232,
  "effective_rank@1e-06": 2000,
  "threshold": 1e-06
}