{
  "n": 2000,
  "trace": 2000.0000000000007,
  "lambda_min": -3.037950728564578e-14,
  "lambda_max": 126.28741986397654,
  "effective_rank@1e-06": 185,
  "threshold": 1e-06
}