{
  "n": 2000,
  "trace": 2000.0,
  "lambda_min": 0.13553937952907108,
  "lambda_max": 311.8601617711898,
  "effective_rank@1e-06": 2000,
  "threshold": 1e-06
}