{
  "n": 2000,
  "trace": 2000.0,
  "lambda_min": 0.07715986129464802,
  "lambda_max": 311.440620778829,
  "effective_rank@1e-06": 2000,
  "threshold": 1e-06
}