{
  "n": 2000,
  "trace": 1999.9999999999993,
  "lambda_min": 0.05923552165627133,
  "lambda_max": 501.07728280525293,
  "effective_rank@1e-06": 2000,
  "threshold": 1e-06
}