{
  "n": 2000,
  "trace": 2000.0,
  "lambda_min": 0.3030427946155694,
  "lambda_max": 1.697286649021093,
  "effective_rank@1e-06": 2000,
  "threshold": 1e-06
}