{
  "n": 2000,
  "trace": 2000.0000000000002,
  "lambda_min": 0.17226798659667364,
  "lambda_max": 311.4674510102641,
  "effective_rank@1e-06": 2000,
  "threshold": 1e-06
}