{
  "n": 2000,
  "trace": 2000.0,
  "lambda_min": 0.12914140827047582,
  "lambda_max": 1.871024817190829,
  "effective_rank@1e-06": 2000,
  "threshold": 1e-06
}