{
  "n": 351,
  "trace": 350.9999999999999,
  "lambda_min": 6.305475172418289e-16,
  "lambda_max": 55.22105814750398,
  "effective_rank@1e-06": 350,
  "threshold": 1e-06
}