{
  "n": 351,
  "trace": 351.0,
  "lambda_min": 2.4185530774862147e-15,
  "lambda_max": 2.0006647834704085,
  "effective_rank@1e-06": 350,
  "threshold": 1e-06
}