{
  "n": 351,
  "trace": 350.99999999999994,
  "lambda_min": 0.13011450047518186,
  "lambda_max": 88.6857307329357,
  "effective_rank@1e-06": 351,
  "threshold": 1e-06
}