{
  "n": 351,
  "trace": 351.00000000000006,
  "lambda_min": 6.329913186074759e-16,
  "lambda_max": 55.22105814750404,
  "effective_rank@1e-06": 350,
  "threshold": 1e-06
}