{
  "n": 351,
  "trace": 351.0,
  "lambda_min": 0.13011450047518303,
  "lambda_max": 88.68573073293572,
  "effective_rank@1e-06": 351,
  "threshold": 1e-06
}