{
  "n": 351,
  "trace": 351.0,
  "lambda_min": 1.9261808267966137e-15,
  "lambda_max": 2.00066478347041,
  "effective_rank@1e-06": 350,
  "threshold": 1e-06
}