{
  "n": 351,
  "trace": 350.99999999999994,
  "lambda_min": 2.882521270875861e-15,
  "lambda_max": 2.0006647834704054,
  "effective_rank@1e-06": 350,
  "threshold": 1e-06
}