{
  "n": 351,
  "trace": 351.0,
  "lambda_min": 3.265094009006168e-16,
  "lambda_max": 55.221058147503996,
  "effective_rank@1e-06": 350,
  "threshold": 1e-06
}