{
  "n": 351,
  "trace": 350.99999999999994,
  "lambda_min": 0.13011450047518208,
  "lambda_max": 88.68573073293588,
  "effective_rank@1e-06": 351,
  "threshold": 1e-06
}