{
  "n": 2000,
  "trace": 1999.9999999999998,
  "lambda_min": 0.20895892803277105,
  "lambda_max": 8.822102778520247,
  "effective_rank@1e-06": 2000,
  "threshold": 1e-06
}