{
  "n": 2000,
  "trace": 2000.0,
  "lambda_min": 0.12259142362924225,
  "lambda_max": 309.11136507038475,
  "effective_rank@1e-06": 2000,
  "threshold": 1e-06
}