{
  "n": 2000,
  "trace": 2000.0,
  "lambda_min": 0.27775022270579874,
  "lambda_max": 8.824485436922261,
  "effective_rank@1e-06": 2000,
  "threshold": 1e-06
}