{
  "n": 2000,
  "trace": 1999.999999999999,
  "lambda_min": 0.012089223200926924,
  "lambda_max": 500.86638381881426,
  "effective_rank@1e-06": 2000,
  "threshold": 1e-06
}