{
  "n": 2000,
  "trace": 1999.9999999999995,
  "lambda_min": 0.12213350515998991,
  "lambda_max": 8.855493962129458,
  "effective_rank@1e-06": 2000,
  "threshold": 1e-06
}