{
  "n": 2000,
  "trace": 2000.0,
  "lambda_min": 0.14621094849015936,
  "lambda_max": 308.64426225393686,
  "effective_rank@1e-06": 2000,
  "threshold": 1e-06
}