{
  "n": 2000,
  "trace": 1999.9999999999995,
  "lambda_min": 0.010972578936253086,
  "lambda_max": 500.8647809769243,
  "effective_rank@1e-06": 2000,
  "threshold": 1e-06
}