{
  "n": 2000,
  "trace": 1999.9999999999995,
  "lambda_min": 0.07099504301445264,
  "lambda_max": 309.3639435922694,
  "effective_rank@1e-06": 2000,
  "threshold": 1e-06
}