{
  "n": 2000,
  "trace": 1999.9999999999995,
  "lambda_min": 0.0175376487214072,
  "lambda_max": 500.79055126318974,
  "effective_rank@1e-06": 2000,
  "threshold": 1e-06
}