{
  "n": 569,
  "trace": 569.0000000000001,
  "lambda_min": 0.6681883303633297,
  "lambda_max": 1.9013068862143738,
  "effective_rank@1e-06": 569,
  "threshold": 1e-06
}