{
  "n": 569,
  "trace": 569.0000000000001,
  "lambda_min": 0.6681870557671438,
  "lambda_max": 1.901310866675193,
  "effective_rank@1e-06": 569,
  "threshold": 1e-06
}