{
  "n": 569,
  "trace": 569.0,
  "lambda_min": 0.6681923527078031,
  "lambda_max": 1.9012960912104981,
  "effective_rank@1e-06": 569,
  "threshold": 1e-06
}