{
  "n": 569,
  "trace": 569.0000000000001,
  "lambda_min": 0.34976713131950943,
  "lambda_max": 109.21575235297823,
  "effective_rank@1e-06": 569,
  "threshold": 1e-06
}