{
  "n": 569,
  "trace": 568.9999999999999,
  "lambda_min": 0.03350026531566607,
  "lambda_max": 184.1853665866536,
  "effective_rank@1e-06": 569,
  "threshold": 1e-06
}