{
  "n": 569,
  "trace": 568.9999999999998,
  "lambda_min": 0.033503501736936156,
  "lambda_max": 184.18525125858537,
  "effective_rank@1e-06": 569,
  "threshold": 1e-06
}