{
  "n": 569,
  "trace": 569.0000000000001,
  "lambda_min": 0.03350111636782648,
  "lambda_max": 184.18532899402197,
  "effective_rank@1e-06": 569,
  "threshold": 1e-06
}