{
  "n": 1000,
  "trace": 1000.0000000000007,
  "lambda_min": 0.0030972801276087096,
  "lambda_max": 160.89077954362978,
  "effective_rank@1e-06": 1000,
  "threshold": 1e-06
}