{
  "n": 1000,
  "trace": 1000.0,
  "lambda_min": 0.021002252190972688,
  "lambda_max": 17.738520608970404,
  "effective_rank@1e-06": 1000,
  "threshold": 1e-06
}