{
  "n": 1000,
  "trace": 999.9999999999999,
  "lambda_min": 0.009168756333665458,
  "lambda_max": 252.9557113194694,
  "effective_rank@1e-06": 1000,
  "threshold": 1e-06
}