{
  "n": 1000,
  "trace": 999.9999999999999,
  "lambda_min": 0.03042844762235956,
  "lambda_max": 17.041901271399198,
  "effective_rank@1e-06": 1000,
  "threshold": 1e-06
}