{
  "n": 1000,
  "trace": 1000.0000000000001,
  "lambda_min": 0.005563817934851167,
  "lambda_max": 252.25477509674556,
  "effective_rank@1e-06": 1000,
  "threshold": 1e-06
}