{
  "n": 1000,
  "trace": 999.9999999999999,
  "lambda_min": 0.013322530949007923,
  "lambda_max": 161.11638941373553,
  "effective_rank@1e-06": 1000,
  "threshold": 1e-06
}