{
  "n": 1000,
  "trace": 1000.0,
  "lambda_min": 0.017345649037454083,
  "lambda_max": 160.87092752595868,
  "effective_rank@1e-06": 1000,
  "threshold": 1e-06
}