{
  "n": 195,
  "trace": 194.99999999999994,
  "lambda_min": 0.18833730632686926,
  "lambda_max": 31.88677614634034,
  "effective_rank@1e-06": 195,
  "threshold": 1e-06
}