{
  "n": 195,
  "trace": 195.00000000000003,
  "lambda_min": 0.05727851949235738,
  "lambda_max": 49.358545128790354,
  "effective_rank@1e-06": 195,
  "threshold": 1e-06
}