{
  "n": 195,
  "trace": 194.99999999999994,
  "lambda_min": 0.05727851949234441,
  "lambda_max": 49.35854512879028,
  "effective_rank@1e-06": 195,
  "threshold": 1e-06
}