{
  "n": 195,
  "trace": 195.0,
  "lambda_min": 0.05727851949229989,
  "lambda_max": 49.35854512879028,
  "effective_rank@1e-06": 195,
  "threshold": 1e-06
}