{
  "n": 195,
  "trace": 195.00000000000003,
  "lambda_min": 0.3305447501084392,
  "lambda_max": 4.075020696482283,
  "effective_rank@1e-06": 195,
  "threshold": 1e-06
}