{
  "n": 195,
  "trace": 195.0,
  "lambda_min": 0.33054475010844914,
  "lambda_max": 4.075020696482281,
  "effective_rank@1e-06": 195,
  "threshold": 1e-06
}