{
  "n": 195,
  "trace": 195.0,
  "lambda_min": 0.18833730632687595,
  "lambda_max": 31.886776146340402,
  "effective_rank@1e-06": 195,
  "threshold": 1e-06
}