{
  "n": 2000,
  "trace": 2000.0000000000005,
  "lambda_min": 0.007920940326664657,
  "lambda_max": 316.4024341141667,
  "effective_rank@1e-06": 2000,
  "threshold": 1e-06
}