{
  "n": 2000,
  "trace": 1999.9999999999998,
  "lambda_min": 0.013601278281832812,
  "lambda_max": 32.23678480455946,
  "effective_rank@1e-06": 2000,
  "threshold": 1e-06
}