{
  "n": 2000,
  "trace": 1999.9999999999998,
  "lambda_min": 0.013445384517530258,
  "lambda_max": 32.31345091101396,
  "effective_rank@1e-06": 2000,
  "threshold": 1e-06
}