{
  "n": 2000,
  "trace": 2000.0000000000011,
  "lambda_min": 0.0035827073758649755,
  "lambda_max": 500.86425471512416,
  "effective_rank@1e-06": 2000,
  "threshold": 1e-06
}