{
  "n": 2000,
  "trace": 2000.0000000000002,
  "lambda_min": 0.009352499327081305,
  "lambda_max": 32.39286458263912,
  "effective_rank@1e-06": 2000,
  "threshold": 1e-06
}