{
  "n": 2000,
  "trace": 2000.0000000000002,
  "lambda_min": 0.004001514855811683,
  "lambda_max": 500.8962643464055,
  "effective_rank@1e-06": 2000,
  "threshold": 1e-06
}