{
  "n": 2000,
  "trace": 2000.0000000000002,
  "lambda_min": 0.008061737470071675,
  "lambda_max": 317.9603185993907,
  "effective_rank@1e-06": 2000,
  "threshold": 1e-06
}