{
  "n": 2000,
  "trace": 2000.0000000000002,
  "lambda_min": 0.003400541627977848,
  "lambda_max": 500.90526743896055,
  "effective_rank@1e-06": 2000,
  "threshold": 1e-06
}