{
  "n": 2000,
  "trace": 2000.0000000000005,
  "lambda_min": 0.10822097505292616,
  "lambda_max": 309.15878001669364,
  "effective_rank@1e-06": 2000,
  "threshold": 1e-06
}