{
  "n": 2000,
  "trace": 1999.999999999999,
  "lambda_min": 0.04097584717854014,
  "lambda_max": 500.95328441522213,
  "effective_rank@1e-06": 2000,
  "threshold": 1e-06
}