{
  "n": 2000,
  "trace": 1999.9999999999995,
  "lambda_min": 0.03030132884042551,
  "lambda_max": 501.083020327429,
  "effective_rank@1e-06": 2000,
  "threshold": 1e-06
}