{
  "n": 2000,
  "trace": 1999.9999999999995,
  "lambda_min": 0.02847004381219472,
  "lambda_max": 309.1134449682486,
  "effective_rank@1e-06": 2000,
  "threshold": 1e-06
}