{
  "n": 2000,
  "trace": 2000.0000000000002,
  "lambda_min": 0.17803379381122764,
  "lambda_max": 2.989655420762798,
  "effective_rank@1e-06": 2000,
  "threshold": 1e-06
}