{
  "n": 2000,
  "trace": 2000.0,
  "lambda_min": 0.04729505516198873,
  "lambda_max": 2.9913076606114783,
  "effective_rank@1e-06": 2000,
  "threshold": 1e-06
}