{
  "n": 2000,
  "trace": 2000.0000000000005,
  "lambda_min": 0.0812083305986665,
  "lambda_max": 309.49890273711935,
  "effective_rank@1e-06": 2000,
  "threshold": 1e-06
}