{
  "n": 351,
  "trace": 351.0,
  "lambda_min": 0.053063805654248175,
  "lambda_max": 88.84393532765715,
  "effective_rank@1e-06": 351,
  "threshold": 1e-06
}