{
  "n": 351,
  "trace": 351.00000000000006,
  "lambda_min": 5.635308786741002e-15,
  "lambda_max": 3.055653452020757,
  "effective_rank@1e-06": 350,
  "threshold": 1e-06
}