{
  "n": 351,
  "trace": 351.0,
  "lambda_min": 6.479027237061126e-16,
  "lambda_max": 55.25654331752433,
  "effective_rank@1e-06": 350,
  "threshold": 1e-06
}