{
  "n": 351,
  "trace": 351.0,
  "lambda_min": 0.05306380565425173,
  "lambda_max": 88.84393532765678,
  "effective_rank@1e-06": 351,
  "threshold": 1e-06
}