{
  "n": 351,
  "trace": 351.00000000000006,
  "lambda_min": 4.3056320918235667e-16,
  "lambda_max": 55.25654331752439,
  "effective_rank@1e-06": 350,
  "threshold": 1e-06
}