{
  "n": 351,
  "trace": 351.00000000000006,
  "lambda_min": 3.608187301557923e-15,
  "lambda_max": 3.0556534520207634,
  "effective_rank@1e-06": 350,
  "threshold": 1e-06
}