{
  "n": 351,
  "trace": 350.99999999999994,
  "lambda_min": 2.6189120590563214e-15,
  "lambda_max": 3.0556534520207626,
  "effective_rank@1e-06": 350,
  "threshold": 1e-06
}