{
  "n": 351,
  "trace": 351.0,
  "lambda_min": -8.931123603269564e-16,
  "lambda_max": 55.25654331752437,
  "effective_rank@1e-06": 350,
  "threshold": 1e-06
}