{
  "n": 920,
  "trace": 920.0,
  "lambda_min": -8.536013077400887e-17,
  "lambda_max": 2.0005491015815005,
  "effective_rank@1e-06": 918,
  "threshold": 1e-06
}