{
  "n": 920,
  "trace": 919.9999999999994,
  "lambda_min": -2.2936968872125686e-15,
  "lambda_max": 152.1440603086933,
  "effective_rank@1e-06": 918,
  "threshold": 1e-06
}