{
  "n": 920,
  "trace": 920.0000000000001,
  "lambda_min": -7.780937933059266e-16,
  "lambda_max": 152.14406030869372,
  "effective_rank@1e-06": 918,
  "threshold": 1e-06
}