{
  "n": 920,
  "trace": 920.0000000000002,
  "lambda_min": 0.19230850724295584,
  "lambda_max": 236.54078552518402,
  "effective_rank@1e-06": 920,
  "threshold": 1e-06
}