{
  "n": 920,
  "trace": 920.0,
  "lambda_min": -4.378113144362836e-16,
  "lambda_max": 152.14406030869378,
  "effective_rank@1e-06": 918,
  "threshold": 1e-06
}