{
  "n": 920,
  "trace": 920.0,
  "lambda_min": -1.137068247274947e-15,
  "lambda_max": 2.000549101581497,
  "effective_rank@1e-06": 918,
  "threshold": 1e-06
}