{
  "n": 920,
  "trace": 920.0,
  "lambda_min": -1.5747845096514537e-15,
  "lambda_max": 2.0005491015815022,
  "effective_rank@1e-06": 918,
  "threshold": 1e-06
}