{
  "n": 569,
  "trace": 568.9999999999997,
  "lambda_min": 0.00870635030932261,
  "lambda_max": 181.93682810736954,
  "effective_rank@1e-06": 569,
  "threshold": 1e-06
}