{
  "n": 569,
  "trace": 569.0000000000001,
  "lambda_min": 0.025426879565094283,
  "lambda_max": 112.56302293195306,
  "effective_rank@1e-06": 569,
  "threshold": 1e-06
}