{
  "n": 569,
  "trace": 569.0000000000001,
  "lambda_min": 0.025425890684143138,
  "lambda_max": 112.56301095027209,
  "effective_rank@1e-06": 569,
  "threshold": 1e-06
}