{
  "n": 569,
  "trace": 569.0,
  "lambda_min": 0.04694088541506344,
  "lambda_max": 13.420704803646544,
  "effective_rank@1e-06": 569,
  "threshold": 1e-06
}