{
  "n": 569,
  "trace": 569.0000000000003,
  "lambda_min": 0.008706093947677884,
  "lambda_max": 181.93704426363928,
  "effective_rank@1e-06": 569,
  "threshold": 1e-06
}