{
  "n": 569,
  "trace": 569.0,
  "lambda_min": 0.04693988687565301,
  "lambda_max": 13.420789042237828,
  "effective_rank@1e-06": 569,
  "threshold": 1e-06
}