{
  "n": 569,
  "trace": 569.0,
  "lambda_min": 0.008706086109639953,
  "lambda_max": 181.93700470985516,
  "effective_rank@1e-06": 569,
  "threshold": 1e-06
}