{
  "n": 569,
  "trace": 569.0,
  "lambda_min": 0.04694180879715124,
  "lambda_max": 13.42074464924379,
  "effective_rank@1e-06": 569,
  "threshold": 1e-06
}