{
  "n": 569,
  "trace": 569.0,
  "lambda_min": 0.025426480181741897,
  "lambda_max": 112.5628903970935,
  "effective_rank@1e-06": 569,
  "threshold": 1e-06
}