{
  "n": 2000,
  "trace": 1999.9999999999982,
  "lambda_min": 0.04964550953729679,
  "lambda_max": 501.0939344219198,
  "effective_rank@1e-06": 2000,
  "threshold": 1e-06
}