{
  "n": 2000,
  "trace": 2000.0000000000018,
  "lambda_min": 0.037095232716673955,
  "lambda_max": 501.1555905750139,
  "effective_rank@1e-06": 2000,
  "threshold": 1e-06
}