{
  "n": 2000,
  "trace": 1999.9999999999998,
  "lambda_min": 0.09239145886137441,
  "lambda_max": 309.4069583816854,
  "effective_rank@1e-06": 2000,
  "threshold": 1e-06
}