{
  "n": 2000,
  "trace": 2000.0,
  "lambda_min": 0.034777563673575713,
  "lambda_max": 309.5717348652903,
  "effective_rank@1e-06": 2000,
  "threshold": 1e-06
}