{
  "n": 2000,
  "trace": 2000.0,
  "lambda_min": 0.10120127324732653,
  "lambda_max": 310.5121346547162,
  "effective_rank@1e-06": 2000,
  "threshold": 1e-06
}