{
  "n": 2000,
  "trace": 2000.0,
  "lambda_min": 0.06111464678015727,
  "lambda_max": 501.22909535502913,
  "effective_rank@1e-06": 2000,
  "threshold": 1e-06
}