{
  "n": 2000,
  "trace": 2000.0000000000002,
  "lambda_min": 0.16912307589062844,
  "lambda_max": 1.8333391564264694,
  "effective_rank@1e-06": 2000,
  "threshold": 1e-06
}