{
  "n": 2000,
  "trace": 2000.0000000000005,
  "lambda_min": 0.14456715416976648,
  "lambda_max": 1.8573807728620382,
  "effective_rank@1e-06": 2000,
  "threshold": 1e-06
}