{
  "n": 569,
  "trace": 568.9999999999999,
  "lambda_min": 0.0009027730297517242,
  "lambda_max": 119.53540080905856,
  "effective_rank@1e-06": 569,
  "threshold": 1e-06
}