{
  "n": 569,
  "trace": 568.9999999999998,
  "lambda_min": 0.00662717371251909,
  "lambda_max": 178.69659671558333,
  "effective_rank@1e-06": 569,
  "threshold": 1e-06
}