{
  "n": 569,
  "trace": 569.0000000000001,
  "lambda_min": 0.0009027753195446613,
  "lambda_max": 119.53542063473174,
  "effective_rank@1e-06": 569,
  "threshold": 1e-06
}