{
  "n": 569,
  "trace": 569.0,
  "lambda_min": 0.001763908823893124,
  "lambda_max": 29.210186628427742,
  "effective_rank@1e-06": 569,
  "threshold": 1e-06
}