{
  "n": 569,
  "trace": 569.0,
  "lambda_min": 0.0009027783063070868,
  "lambda_max": 119.53541934469328,
  "effective_rank@1e-06": 569,
  "threshold": 1e-06
}