{
  "n": 569,
  "trace": 569.0,
  "lambda_min": 0.0066271694564188285,
  "lambda_max": 178.69659819320967,
  "effective_rank@1e-06": 569,
  "threshold": 1e-06
}