{
  "n": 569,
  "trace": 569.0,
  "lambda_min": 0.006627133606217826,
  "lambda_max": 178.6965514345602,
  "effective_rank@1e-06": 569,
  "threshold": 1e-06
}