{
  "n": 569,
  "trace": 569.0000000000001,
  "lambda_min": 0.0017639026225507596,
  "lambda_max": 29.210193751927832,
  "effective_rank@1e-06": 569,
  "threshold": 1e-06
}