{
  "n": 569,
  "trace": 568.9999999999999,
  "lambda_min": 0.0017638984077098555,
  "lambda_max": 29.210179575368414,
  "effective_rank@1e-06": 569,
  "threshold": 1e-06
}