{
  "n": 2000,
  "trace": 2000.0,
  "lambda_min": 0.0061533727825053555,
  "lambda_max": 32.522461547562344,
  "effective_rank@1e-06": 2000,
  "threshold": 1e-06
}