{
  "n": 2000,
  "trace": 2000.0,
  "lambda_min": 0.002724405776419654,
  "lambda_max": 501.13393816341875,
  "effective_rank@1e-06": 2000,
  "threshold": 1e-06
}