{
  "n": 2000,
  "trace": 1999.9999999999995,
  "lambda_min": 0.006677811670240231,
  "lambda_max": 32.39642885625551,
  "effective_rank@1e-06": 2000,
  "threshold": 1e-06
}