{
  "n": 2000,
  "trace": 2000.0000000000007,
  "lambda_min": 0.0041338120963645185,
  "lambda_max": 318.5743797219417,
  "effective_rank@1e-06": 2000,
  "threshold": 1e-06
}