{
  "n": 2000,
  "trace": 2000.0000000000014,
  "lambda_min": 0.0036962124185278772,
  "lambda_max": 319.08773255790226,
  "effective_rank@1e-06": 2000,
  "threshold": 1e-06
}