{
  "n": 2000,
  "trace": 1999.999999999998,
  "lambda_min": 0.0022502973468308193,
  "lambda_max": 501.43289369835253,
  "effective_rank@1e-06": 2000,
  "threshold": 1e-06
}