{
  "n": 2000,
  "trace": 2000.0,
  "lambda_min": 0.0033969579559798148,
  "lambda_max": 501.1144700095791,
  "effective_rank@1e-06": 2000,
  "threshold": 1e-06
}