{
  "n": 2000,
  "trace": 2000.0,
  "lambda_min": 0.0027181381980825783,
  "lambda_max": 32.56209743749807,
  "effective_rank@1e-06": 2000,
  "threshold": 1e-06
}