{
  "n": 150,
  "trace": 137.41772598488026,
  "lambda_min": 8.759350925931766e-17,
  "lambda_max": 6.294876990154924,
  "effective_rank@1e-06": 148,
  "threshold": 1e-06
}