{
  "n": 150,
  "trace": 150.00000000000003,
  "lambda_min": -4.1943562850943284e-16,
  "lambda_max": 20.163029949745997,
  "effective_rank@1e-06": 149,
  "threshold": 1e-06
}