{
  "n": 150,
  "trace": 150.0,
  "lambda_min": -8.795377500090674e-16,
  "lambda_max": 88.72766486081069,
  "effective_rank@1e-06": 149,
  "threshold": 1e-06
}