{
  "n": 150,
  "trace": 111.70267483185147,
  "lambda_min": -5.355144016207849e-16,
  "lambda_max": 7.362628254279239,
  "effective_rank@1e-06": 148,
  "threshold": 1e-06
}