{
  "n": 150,
  "trace": 149.9999999999999,
  "lambda_min": -5.234678824976362e-14,
  "lambda_max": 123.14947057655556,
  "effective_rank@1e-06": 13,
  "threshold": 1e-06
}