{
  "n": 150,
  "trace": 150.00000000000003,
  "lambda_min": -1.6014381698834275e-16,
  "lambda_max": 90.83855088385678,
  "effective_rank@1e-06": 149,
  "threshold": 1e-06
}