{
  "n": 150,
  "trace": 149.99999999999991,
  "lambda_min": -7.670095727992807e-16,
  "lambda_max": 44.448481437284684,
  "effective_rank@1e-06": 149,
  "threshold": 1e-06
}