{
  "n": 150,
  "trace": 149.99999999999997,
  "lambda_min": 5.765033305910194e-16,
  "lambda_max": 38.703512144026064,
  "effective_rank@1e-06": 149,
  "threshold": 1e-06
}