{
  "n": 150,
  "trace": 92.0068459475356,
  "lambda_min": 2.885023365856241e-17,
  "lambda_max": 12.125601963443376,
  "effective_rank@1e-06": 148,
  "threshold": 1e-06
}