{
  "n": 150,
  "trace": 130.44762944932796,
  "lambda_min": -1.0967216236653112e-15,
  "lambda_max": 6.50399512976816,
  "effective_rank@1e-06": 148,
  "threshold": 1e-06
}