{
  "n": 150,
  "trace": 96.10374425762944,
  "lambda_min": -3.8574325524211545e-17,
  "lambda_max": 6.00314562821525,
  "effective_rank@1e-06": 148,
  "threshold": 1e-06
}