{
  "n": 150,
  "trace": 149.99999999999994,
  "lambda_min": -8.9487622855065e-16,
  "lambda_max": 90.83855088385673,
  "effective_rank@1e-06": 149,
  "threshold": 1e-06
}