{
  "n": 150,
  "trace": 150.00000000000009,
  "lambda_min": -3.38797677088472e-14,
  "lambda_max": 123.14947057655561,
  "effective_rank@1e-06": 13,
  "threshold": 1e-06
}