{
  "n": 150,
  "trace": 150.0,
  "lambda_min": 1.0239286534024234e-16,
  "lambda_max": 58.51436812918594,
  "effective_rank@1e-06": 149,
  "threshold": 1e-06
}