{
  "n": 150,
  "trace": 149.99999999999997,
  "lambda_min": 1.354478676037906e-16,
  "lambda_max": 22.866784611218115,
  "effective_rank@1e-06": 149,
  "threshold": 1e-06
}