{
  "n": 150,
  "trace": 29.392333241504463,
  "lambda_min": -8.935604204732019e-15,
  "lambda_max": 11.731670884050173,
  "effective_rank@1e-06": 12,
  "threshold": 1e-06
}