{
  "n": 150,
  "trace": 131.7601435032256,
  "lambda_min": -3.383837658784483e-16,
  "lambda_max": 13.744593331396587,
  "effective_rank@1e-06": 148,
  "threshold": 1e-06
}