{
  "n": 150,
  "trace": 149.99999999999997,
  "lambda_min": -3.943335961304054e-14,
  "lambda_max": 121.19538024003029,
  "effective_rank@1e-06": 13,
  "threshold": 1e-06
}