{
  "n": 150,
  "trace": 131.76014350322566,
  "lambda_min": -1.239842442917103e-16,
  "lambda_max": 13.744593331396587,
  "effective_rank@1e-06": 148,
  "threshold": 1e-06
}