{
  "n": 150,
  "trace": 150.0,
  "lambda_min": -2.6034667385720406e-16,
  "lambda_max": 34.26558285648834,
  "effective_rank@1e-06": 149,
  "threshold": 1e-06
}