{
  "n": 150,
  "trace": 106.81162773232491,
  "lambda_min": -6.246855781066438e-16,
  "lambda_max": 14.385428440869749,
  "effective_rank@1e-06": 148,
  "threshold": 1e-06
}