{
  "n": 150,
  "trace": 78.63385474255637,
  "lambda_min": -2.9457427982383536e-15,
  "lambda_max": 10.674364893593285,
  "effective_rank@1e-06": 91,
  "threshold": 1e-06
}