{
  "n": 150,
  "trace": 77.69034199620121,
  "lambda_min": -3.004461535034826e-15,
  "lambda_max": 17.071490268964013,
  "effective_rank@1e-06": 91,
  "threshold": 1e-06
}