{
  "n": 150,
  "trace": 59.35566460636646,
  "lambda_min": -3.5757114672469715e-16,
  "lambda_max": 11.624378530654031,
  "effective_rank@1e-06": 148,
  "threshold": 1e-06
}