{
  "n": 150,
  "trace": 124.90547121573776,
  "lambda_min": -3.0053417885836277e-18,
  "lambda_max": 13.774156872133535,
  "effective_rank@1e-06": 148,
  "threshold": 1e-06
}