{
  "n": 150,
  "trace": 122.72536477327975,
  "lambda_min": -5.1479952554296035e-17,
  "lambda_max": 6.084185696566859,
  "effective_rank@1e-06": 148,
  "threshold": 1e-06
}