{
  "n": 150,
  "trace": 27.70276364877486,
  "lambda_min": -7.881647274435156e-15,
  "lambda_max": 7.033397493480529,
  "effective_rank@1e-06": 12,
  "threshold": 1e-06
}