{
  "n": 150,
  "trace": 117.52558928909055,
  "lambda_min": -1.1502657263144826e-16,
  "lambda_max": 13.0236830195269,
  "effective_rank@1e-06": 148,
  "threshold": 1e-06
}