{
  "n": 150,
  "trace": 78.63385474255696,
  "lambda_min": -2.7680287865161137e-15,
  "lambda_max": 10.674364893594099,
  "effective_rank@1e-06": 91,
  "threshold": 1e-06
}