{
  "n": 150,
  "trace": 150.00000000000003,
  "lambda_min": 3.0823446090351066e-15,
  "lambda_max": 13.608497679538441,
  "effective_rank@1e-06": 149,
  "threshold": 1e-06
}