{
  "n": 150,
  "trace": 149.99999999999994,
  "lambda_min": -4.551757419046548e-14,
  "lambda_max": 123.14947057655556,
  "effective_rank@1e-06": 13,
  "threshold": 1e-06
}