{
  "n": 150,
  "trace": 124.90547121573779,
  "lambda_min": -3.001530248155831e-16,
  "lambda_max": 13.774156872133533,
  "effective_rank@1e-06": 148,
  "threshold": 1e-06
}