{
  "n": 150,
  "trace": 150.00000000000003,
  "lambda_min": -5.4500682984080495e-14,
  "lambda_max": 121.19538024003026,
  "effective_rank@1e-06": 13,
  "threshold": 1e-06
}