{
  "n": 150,
  "trace": 106.81162773232494,
  "lambda_min": -1.6272640109832228e-16,
  "lambda_max": 14.385428440869742,
  "effective_rank@1e-06": 148,
  "threshold": 1e-06
}