{
  "n": 150,
  "trace": 106.81162773232494,
  "lambda_min": -1.2552721881783143e-15,
  "lambda_max": 14.385428440869756,
  "effective_rank@1e-06": 148,
  "threshold": 1e-06
}