{
  "n": 150,
  "trace": 130.4476294493279,
  "lambda_min": -3.6330863509177266e-16,
  "lambda_max": 6.50399512976817,
  "effective_rank@1e-06": 148,
  "threshold": 1e-06
}