{
  "n": 150,
  "trace": 150.0,
  "lambda_min": 6.604099036225874e-16,
  "lambda_max": 13.608497679538427,
  "effective_rank@1e-06": 149,
  "threshold": 1e-06
}