{
  "n": 150,
  "trace": 137.4177259848802,
  "lambda_min": 3.652143073439143e-18,
  "lambda_max": 6.2948769901549095,
  "effective_rank@1e-06": 148,
  "threshold": 1e-06
}