{
  "n": 150,
  "trace": 59.35566460636648,
  "lambda_min": -3.787219865033911e-17,
  "lambda_max": 11.62437853065402,
  "effective_rank@1e-06": 148,
  "threshold": 1e-06
}