{
  "n": 150,
  "trace": 111.70267483185148,
  "lambda_min": -1.5766428104702195e-16,
  "lambda_max": 7.362628254279241,
  "effective_rank@1e-06": 148,
  "threshold": 1e-06
}