{
  "n": 150,
  "trace": 111.70267483185151,
  "lambda_min": -7.141663215183423e-17,
  "lambda_max": 7.362628254279268,
  "effective_rank@1e-06": 148,
  "threshold": 1e-06
}