{
  "n": 150,
  "trace": 92.0068459475356,
  "lambda_min": 1.8884602111640123e-17,
  "lambda_max": 12.12560196344338,
  "effective_rank@1e-06": 148,
  "threshold": 1e-06
}