{
  "n": 150,
  "trace": 149.99999999999997,
  "lambda_min": -7.512088039850649e-15,
  "lambda_max": 73.76251160297292,
  "effective_rank@1e-06": 91,
  "threshold": 1e-06
}