{
  "n": 150,
  "trace": 137.41772598488024,
  "lambda_min": -1.7432658012373997e-16,
  "lambda_max": 6.2948769901549095,
  "effective_rank@1e-06": 148,
  "threshold": 1e-06
}