{
  "n": 150,
  "trace": 27.702763648774813,
  "lambda_min": -8.497709957655856e-15,
  "lambda_max": 7.033397493480534,
  "effective_rank@1e-06": 12,
  "threshold": 1e-06
}