{
  "n": 150,
  "trace": 149.99999999999997,
  "lambda_min": -3.805659274319141e-17,
  "lambda_max": 34.26558285648832,
  "effective_rank@1e-06": 149,
  "threshold": 1e-06
}