{
  "n": 150,
  "trace": 149.99999999999997,
  "lambda_min": -6.173206270549993e-15,
  "lambda_max": 73.88248148137276,
  "effective_rank@1e-06": 91,
  "threshold": 1e-06
}