{
  "n": 150,
  "trace": 77.69034199619989,
  "lambda_min": -2.838545915457613e-15,
  "lambda_max": 17.071490268962485,
  "effective_rank@1e-06": 91,
  "threshold": 1e-06
}