{
  "n": 150,
  "trace": 124.90547121573778,
  "lambda_min": -1.1799517988721774e-15,
  "lambda_max": 13.774156872133537,
  "effective_rank@1e-06": 148,
  "threshold": 1e-06
}