{
  "n": 150,
  "trace": 150.0,
  "lambda_min": 1.224493124195769e-15,
  "lambda_max": 88.72766486081063,
  "effective_rank@1e-06": 149,
  "threshold": 1e-06
}