{
  "n": 150,
  "trace": 78.6338547425573,
  "lambda_min": -3.132805919496305e-15,
  "lambda_max": 10.674364893594465,
  "effective_rank@1e-06": 91,
  "threshold": 1e-06
}