{
  "n": 150,
  "trace": 122.72536477327975,
  "lambda_min": -7.053070599908164e-17,
  "lambda_max": 6.084185696566836,
  "effective_rank@1e-06": 148,
  "threshold": 1e-06
}