{
  "n": 150,
  "trace": 96.1037442576294,
  "lambda_min": 7.500174578888618e-17,
  "lambda_max": 6.0031456282152345,
  "effective_rank@1e-06": 148,
  "threshold": 1e-06
}