{
  "n": 150,
  "trace": 78.6338547425575,
  "lambda_min": -2.7918143098678598e-15,
  "lambda_max": 10.674364893594976,
  "effective_rank@1e-06": 91,
  "threshold": 1e-06
}