{
  "n": 150,
  "trace": 149.99999999999994,
  "lambda_min": -2.8847616255079136e-16,
  "lambda_max": 38.70351214402602,
  "effective_rank@1e-06": 149,
  "threshold": 1e-06
}