{
  "n": 150,
  "trace": 117.52558928909059,
  "lambda_min": -3.7503570149939844e-16,
  "lambda_max": 13.023683019526914,
  "effective_rank@1e-06": 148,
  "threshold": 1e-06
}