{
  "n": 150,
  "trace": 150.0,
  "lambda_min": 4.2228119271541234e-16,
  "lambda_max": 27.615852072277455,
  "effective_rank@1e-06": 149,
  "threshold": 1e-06
}