{
  "n": 150,
  "trace": 150.0,
  "lambda_min": 2.9854043083193432e-16,
  "lambda_max": 90.83855088385681,
  "effective_rank@1e-06": 149,
  "threshold": 1e-06
}