{
  "n": 150,
  "trace": 150.0,
  "lambda_min": 6.519002043066087e-16,
  "lambda_max": 27.615852072277484,
  "effective_rank@1e-06": 149,
  "threshold": 1e-06
}