{
  "n": 150,
  "trace": 150.00000000000006,
  "lambda_min": -5.373714797772241e-15,
  "lambda_max": 73.88248148137356,
  "effective_rank@1e-06": 91,
  "threshold": 1e-06
}