{
  "n": 150,
  "trace": 124.90547121573783,
  "lambda_min": -1.5820439661931123e-16,
  "lambda_max": 13.774156872133537,
  "effective_rank@1e-06": 148,
  "threshold": 1e-06
}