{
  "n": 150,
  "trace": 150.00000000000009,
  "lambda_min": -3.6274292709648734e-14,
  "lambda_max": 123.1494705765556,
  "effective_rank@1e-06": 13,
  "threshold": 1e-06
}