{
  "n": 150,
  "trace": 27.70276364877501,
  "lambda_min": -8.260650330006163e-15,
  "lambda_max": 7.033397493480596,
  "effective_rank@1e-06": 12,
  "threshold": 1e-06
}