{
  "n": 150,
  "trace": 122.72536477327975,
  "lambda_min": -4.667043740779324e-16,
  "lambda_max": 6.084185696566849,
  "effective_rank@1e-06": 148,
  "threshold": 1e-06
}