{
  "n": 150,
  "trace": 131.76014350322563,
  "lambda_min": -1.1727861684285802e-16,
  "lambda_max": 13.744593331396583,
  "effective_rank@1e-06": 148,
  "threshold": 1e-06
}