{
  "n": 150,
  "trace": 117.52558928909058,
  "lambda_min": -1.2585454589828837e-16,
  "lambda_max": 13.023683019526885,
  "effective_rank@1e-06": 148,
  "threshold": 1e-06
}