{
  "n": 150,
  "trace": 124.90547121573783,
  "lambda_min": 7.1097911046741e-18,
  "lambda_max": 13.774156872133558,
  "effective_rank@1e-06": 148,
  "threshold": 1e-06
}