{
  "n": 150,
  "trace": 77.69034199620044,
  "lambda_min": -3.0366765599080237e-15,
  "lambda_max": 17.071490268962798,
  "effective_rank@1e-06": 91,
  "threshold": 1e-06
}