{
  "n": 150,
  "trace": 150.00000000000006,
  "lambda_min": 2.3593580627350205e-16,
  "lambda_max": 44.44848143728477,
  "effective_rank@1e-06": 149,
  "threshold": 1e-06
}