{
  "n": 150,
  "trace": 29.392333241504428,
  "lambda_min": -7.710802172807905e-15,
  "lambda_max": 11.73167088405018,
  "effective_rank@1e-06": 12,
  "threshold": 1e-06
}