{
  "n": 150,
  "trace": 27.702763648774756,
  "lambda_min": -8.45431066153484e-15,
  "lambda_max": 7.033397493480509,
  "effective_rank@1e-06": 12,
  "threshold": 1e-06
}