{
  "n": 150,
  "trace": 150.00000000000006,
  "lambda_min": 1.1754175194928266e-16,
  "lambda_max": 90.83855088385683,
  "effective_rank@1e-06": 149,
  "threshold": 1e-06
}