{
  "n": 150,
  "trace": 150.0,
  "lambda_min": 1.3625089498774257e-15,
  "lambda_max": 22.866784611218158,
  "effective_rank@1e-06": 149,
  "threshold": 1e-06
}