{
  "n": 150,
  "trace": 130.44762944932796,
  "lambda_min": -8.52245393349254e-19,
  "lambda_max": 6.503995129768192,
  "effective_rank@1e-06": 148,
  "threshold": 1e-06
}