{
  "n": 150,
  "trace": 150.0,
  "lambda_min": 3.5520647599512885e-16,
  "lambda_max": 34.265582856488294,
  "effective_rank@1e-06": 149,
  "threshold": 1e-06
}