{
  "n": 150,
  "trace": 29.392333241504513,
  "lambda_min": -8.191176600814146e-15,
  "lambda_max": 11.731670884050203,
  "effective_rank@1e-06": 12,
  "threshold": 1e-06
}