{
  "n": 150,
  "trace": 106.81162773232496,
  "lambda_min": 1.2819360613627771e-17,
  "lambda_max": 14.385428440869745,
  "effective_rank@1e-06": 148,
  "threshold": 1e-06
}