{
  "n": 150,
  "trace": 130.44762944932793,
  "lambda_min": -3.7892066568679077e-16,
  "lambda_max": 6.503995129768166,
  "effective_rank@1e-06": 148,
  "threshold": 1e-06
}