{
  "n": 150,
  "trace": 150.0,
  "lambda_min": 9.270666185295957e-16,
  "lambda_max": 27.61585207227747,
  "effective_rank@1e-06": 149,
  "threshold": 1e-06
}