{
  "n": 150,
  "trace": 150.0,
  "lambda_min": 5.627874307218312e-16,
  "lambda_max": 22.866784611218115,
  "effective_rank@1e-06": 149,
  "threshold": 1e-06
}