{
  "n": 150,
  "trace": 150.0,
  "lambda_min": 4.4013436657862843e-16,
  "lambda_max": 44.44848143728474,
  "effective_rank@1e-06": 149,
  "threshold": 1e-06
}