{
  "n": 150,
  "trace": 150.0,
  "lambda_min": 1.3520303189951495e-15,
  "lambda_max": 90.83855088385678,
  "effective_rank@1e-06": 149,
  "threshold": 1e-06
}