{
  "n": 150,
  "trace": 149.99999999999997,
  "lambda_min": -3.1171506164003365e-16,
  "lambda_max": 54.025923956449816,
  "effective_rank@1e-06": 149,
  "threshold": 1e-06
}