{
  "n": 150,
  "trace": 96.10374425762944,
  "lambda_min": -3.6531088197434855e-16,
  "lambda_max": 6.003145628215261,
  "effective_rank@1e-06": 148,
  "threshold": 1e-06
}