{
  "n": 150,
  "trace": 77.6903419962026,
  "lambda_min": -2.8743364102217353e-15,
  "lambda_max": 17.07149026896534,
  "effective_rank@1e-06": 91,
  "threshold": 1e-06
}