{
  "n": 150,
  "trace": 59.355664606366474,
  "lambda_min": 1.5504682833844863e-16,
  "lambda_max": 11.624378530654024,
  "effective_rank@1e-06": 148,
  "threshold": 1e-06
}