{
  "n": 150,
  "trace": 137.4177259848803,
  "lambda_min": 1.213775534595608e-16,
  "lambda_max": 6.294876990154904,
  "effective_rank@1e-06": 148,
  "threshold": 1e-06
}