{
  "n": 150,
  "trace": 96.10374425762942,
  "lambda_min": -3.275036314992941e-17,
  "lambda_max": 6.003145628215224,
  "effective_rank@1e-06": 148,
  "threshold": 1e-06
}