{
  "n": 150,
  "trace": 137.41772598488024,
  "lambda_min": -7.615948177480548e-17,
  "lambda_max": 6.294876990154897,
  "effective_rank@1e-06": 148,
  "threshold": 1e-06
}