{
  "n": 150,
  "trace": 150.00000000000003,
  "lambda_min": 3.878968132561271e-16,
  "lambda_max": 28.09234853675126,
  "effective_rank@1e-06": 149,
  "threshold": 1e-06
}