{
  "n": 150,
  "trace": 61.52099758645887,
  "lambda_min": -7.732210656542044e-16,
  "lambda_max": 6.3298444643700975,
  "effective_rank@1e-06": 148,
  "threshold": 1e-06
}