{
  "n": 150,
  "trace": 29.39233324150459,
  "lambda_min": -7.898582243200866e-15,
  "lambda_max": 11.73167088405027,
  "effective_rank@1e-06": 12,
  "threshold": 1e-06
}