{
  "n": 150,
  "trace": 61.52099758645891,
  "lambda_min": -2.3620414004207603e-16,
  "lambda_max": 6.329844464370119,
  "effective_rank@1e-06": 148,
  "threshold": 1e-06
}