{
  "n": 150,
  "trace": 149.99999999999997,
  "lambda_min": -6.177681798616162e-16,
  "lambda_max": 54.0259239564498,
  "effective_rank@1e-06": 149,
  "threshold": 1e-06
}