{
  "n": 150,
  "trace": 150.0,
  "lambda_min": -4.8464999309944e-15,
  "lambda_max": 73.76251160297232,
  "effective_rank@1e-06": 91,
  "threshold": 1e-06
}