{
  "n": 150,
  "trace": 149.99999999999997,
  "lambda_min": -2.9628615494301374e-17,
  "lambda_max": 20.163029949745997,
  "effective_rank@1e-06": 149,
  "threshold": 1e-06
}