{
  "n": 150,
  "trace": 150.0,
  "lambda_min": 8.982554008689563e-16,
  "lambda_max": 22.86678461121815,
  "effective_rank@1e-06": 149,
  "threshold": 1e-06
}