{
  "n": 150,
  "trace": 117.52558928909056,
  "lambda_min": 6.019147938629622e-17,
  "lambda_max": 13.023683019526892,
  "effective_rank@1e-06": 148,
  "threshold": 1e-06
}