{
  "n": 150,
  "trace": 61.52099758645891,
  "lambda_min": 3.899427850973445e-17,
  "lambda_max": 6.329844464370122,
  "effective_rank@1e-06": 148,
  "threshold": 1e-06
}