{
  "n": 150,
  "trace": 150.0,
  "lambda_min": 5.290084410028157e-16,
  "lambda_max": 28.09234853675121,
  "effective_rank@1e-06": 149,
  "threshold": 1e-06
}