{
  "n": 150,
  "trace": 150.00000000000009,
  "lambda_min": -2.3403651738354563e-16,
  "lambda_max": 54.02592395644989,
  "effective_rank@1e-06": 149,
  "threshold": 1e-06
}