{
  "n": 150,
  "trace": 149.99999999999997,
  "lambda_min": 1.686185262756549e-17,
  "lambda_max": 28.09234853675123,
  "effective_rank@1e-06": 149,
  "threshold": 1e-06
}