{
  "n": 150,
  "trace": 92.00684594753561,
  "lambda_min": 9.428217421873556e-17,
  "lambda_max": 12.12560196344337,
  "effective_rank@1e-06": 148,
  "threshold": 1e-06
}