{
  "n": 150,
  "trace": 77.69034199620046,
  "lambda_min": -3.251902206456299e-15,
  "lambda_max": 17.071490268962933,
  "effective_rank@1e-06": 91,
  "threshold": 1e-06
}