{
  "n": 150,
  "trace": 111.70267483185147,
  "lambda_min": -2.1935790549894388e-17,
  "lambda_max": 7.362628254279225,
  "effective_rank@1e-06": 148,
  "threshold": 1e-06
}