{
  "n": 150,
  "trace": 150.00000000000003,
  "lambda_min": -3.1709284308075466e-14,
  "lambda_max": 121.19538024003039,
  "effective_rank@1e-06": 13,
  "threshold": 1e-06
}