{
  "n": 150,
  "trace": 130.44762944932793,
  "lambda_min": -7.986051239478142e-16,
  "lambda_max": 6.503995129768177,
  "effective_rank@1e-06": 148,
  "threshold": 1e-06
}