{
  "n": 150,
  "trace": 27.70276364877486,
  "lambda_min": -7.960340218802514e-15,
  "lambda_max": 7.033397493480537,
  "effective_rank@1e-06": 12,
  "threshold": 1e-06
}