{
  "n": 150,
  "trace": 150.00000000000003,
  "lambda_min": 6.925647300404957e-16,
  "lambda_max": 27.615852072277477,
  "effective_rank@1e-06": 149,
  "threshold": 1e-06
}