{
  "n": 150,
  "trace": 150.00000000000003,
  "lambda_min": 4.967103570371103e-16,
  "lambda_max": 20.16302994974599,
  "effective_rank@1e-06": 149,
  "threshold": 1e-06
}