{
  "n": 150,
  "trace": 149.99999999999997,
  "lambda_min": -3.475086992986939e-14,
  "lambda_max": 123.14947057655539,
  "effective_rank@1e-06": 13,
  "threshold": 1e-06
}