{
  "n": 150,
  "trace": 150.0,
  "lambda_min": 9.096744580483987e-17,
  "lambda_max": 88.72766486081059,
  "effective_rank@1e-06": 149,
  "threshold": 1e-06
}