{
  "n": 150,
  "trace": 150.00000000000003,
  "lambda_min": -2.5253999829304247e-16,
  "lambda_max": 38.703512144026064,
  "effective_rank@1e-06": 149,
  "threshold": 1e-06
}