{
  "n": 150,
  "trace": 149.99999999999994,
  "lambda_min": -7.339316024712167e-16,
  "lambda_max": 38.70351214402605,
  "effective_rank@1e-06": 149,
  "threshold": 1e-06
}