{
  "n": 150,
  "trace": 122.72536477327974,
  "lambda_min": 6.910353938993928e-17,
  "lambda_max": 6.084185696566829,
  "effective_rank@1e-06": 148,
  "threshold": 1e-06
}