{
  "n": 150,
  "trace": 59.355664606366474,
  "lambda_min": -5.535429263312151e-18,
  "lambda_max": 11.624378530654035,
  "effective_rank@1e-06": 148,
  "threshold": 1e-06
}