{
  "n": 150,
  "trace": 59.35566460636648,
  "lambda_min": -1.326127544404614e-17,
  "lambda_max": 11.624378530654027,
  "effective_rank@1e-06": 148,
  "threshold": 1e-06
}