{
  "n": 150,
  "trace": 96.10374425762942,
  "lambda_min": -3.4902869434455166e-16,
  "lambda_max": 6.00314562821524,
  "effective_rank@1e-06": 148,
  "threshold": 1e-06
}