{
  "n": 150,
  "trace": 150.0,
  "lambda_min": 1.222422652186044e-16,
  "lambda_max": 58.51436812918597,
  "effective_rank@1e-06": 149,
  "threshold": 1e-06
}