{
  "n": 150,
  "trace": 149.99999999999997,
  "lambda_min": -2.4950626693685223e-16,
  "lambda_max": 54.02592395644983,
  "effective_rank@1e-06": 149,
  "threshold": 1e-06
}