{
  "n": 150,
  "trace": 150.0,
  "lambda_min": -9.220564086908936e-17,
  "lambda_max": 20.16302994974597,
  "effective_rank@1e-06": 149,
  "threshold": 1e-06
}