{
  "n": 150,
  "trace": 150.00000000000003,
  "lambda_min": 3.7600808967421077e-16,
  "lambda_max": 54.02592395644986,
  "effective_rank@1e-06": 149,
  "threshold": 1e-06
}