{
  "n": 150,
  "trace": 61.520997586458954,
  "lambda_min": -5.350754067544183e-17,
  "lambda_max": 6.329844464370137,
  "effective_rank@1e-06": 148,
  "threshold": 1e-06
}