{
  "n": 150,
  "trace": 131.7601435032256,
  "lambda_min": 1.688756177519319e-16,
  "lambda_max": 13.744593331396594,
  "effective_rank@1e-06": 148,
  "threshold": 1e-06
}