{
  "n": 150,
  "trace": 117.52558928909056,
  "lambda_min": -1.137638876909505e-16,
  "lambda_max": 13.023683019526906,
  "effective_rank@1e-06": 148,
  "threshold": 1e-06
}