{
  "n": 150,
  "trace": 150.0,
  "lambda_min": -7.121565626978645e-15,
  "lambda_max": 73.7625116029725,
  "effective_rank@1e-06": 91,
  "threshold": 1e-06
}