{
  "n": 150,
  "trace": 149.99999999999997,
  "lambda_min": 3.037566284324735e-15,
  "lambda_max": 13.608497679538438,
  "effective_rank@1e-06": 149,
  "threshold": 1e-06
}