{
  "n": 150,
  "trace": 61.520997586458876,
  "lambda_min": -9.678322094785565e-17,
  "lambda_max": 6.329844464370108,
  "effective_rank@1e-06": 148,
  "threshold": 1e-06
}