{
  "n": 150,
  "trace": 150.0,
  "lambda_min": 5.109927436375117e-16,
  "lambda_max": 34.26558285648831,
  "effective_rank@1e-06": 149,
  "threshold": 1e-06
}