{
  "n": 150,
  "trace": 78.63385474255713,
  "lambda_min": -2.6130402929708063e-15,
  "lambda_max": 10.674364893594316,
  "effective_rank@1e-06": 91,
  "threshold": 1e-06
}