{
  "n": 150,
  "trace": 29.392333241504527,
  "lambda_min": -8.28404368152754e-15,
  "lambda_max": 11.731670884050285,
  "effective_rank@1e-06": 12,
  "threshold": 1e-06
}