{
  "n": 150,
  "trace": 149.99999999999997,
  "lambda_min": -9.188382788181348e-16,
  "lambda_max": 88.72766486081062,
  "effective_rank@1e-06": 149,
  "threshold": 1e-06
}