{
  "n": 150,
  "trace": 150.0,
  "lambda_min": -7.146983457432239e-15,
  "lambda_max": 73.88248148137347,
  "effective_rank@1e-06": 91,
  "threshold": 1e-06
}