{
  "n": 150,
  "trace": 150.0,
  "lambda_min": -1.0595585946574843e-14,
  "lambda_max": 73.76251160297221,
  "effective_rank@1e-06": 91,
  "threshold": 1e-06
}