{
  "n": 195,
  "trace": 195.00000000000003,
  "lambda_min": 0.967751692459618,
  "lambda_max": 1.0485329368338883,
  "effective_rank@1e-06": 195,
  "threshold": 1e-06
}