{
  "n": 195,
  "trace": 195.00000000000009,
  "lambda_min": 0.21191304021973117,
  "lambda_max": 49.377684851749784,
  "effective_rank@1e-06": 195,
  "threshold": 1e-06
}