{
  "n": 195,
  "trace": 195.00000000000006,
  "lambda_min": 0.967751692459614,
  "lambda_max": 1.048532936833889,
  "effective_rank@1e-06": 195,
  "threshold": 1e-06
}