{
  "n": 195,
  "trace": 194.99999999999997,
  "lambda_min": 0.5537086505714816,
  "lambda_max": 31.040171247350237,
  "effective_rank@1e-06": 195,
  "threshold": 1e-06
}