{
  "n": 195,
  "trace": 194.99999999999994,
  "lambda_min": 0.21191304021972474,
  "lambda_max": 49.37768485174973,
  "effective_rank@1e-06": 195,
  "threshold": 1e-06
}