{
  "n": 195,
  "trace": 195.00000000000003,
  "lambda_min": 0.21191304021972823,
  "lambda_max": 49.3776848517497,
  "effective_rank@1e-06": 195,
  "threshold": 1e-06
}