{
  "n": 195,
  "trace": 195.0,
  "lambda_min": 0.9677516924596126,
  "lambda_max": 1.0485329368338885,
  "effective_rank@1e-06": 195,
  "threshold": 1e-06
}