n: 150
trace: 77.69034199619985
lambda_min: -2.723567909699108e-15
lambda_max: 17.071490268962272
effective_rank@1e-06: 91
threshold: 1e-06
