{
  "n": 2000,
  "trace": 2000.0,
  "lambda_min": 0.0031035302454158345,
  "lambda_max": 319.3692893703762,
  "effective_rank@1e-06": 2000,
  "threshold": 1e-06
}