{
  "n": 2000,
  "trace": 2000.0000000000005,
  "lambda_min": 0.0010353313078867766,
  "lambda_max": 318.9823784495251,
  "effective_rank@1e-06": 2000,
  "threshold": 1e-06
}