{
  "n": 2000,
  "trace": 1999.9999999999993,
  "lambda_min": 0.0027777055320057737,
  "lambda_max": 502.31466601278,
  "effective_rank@1e-06": 2000,
  "threshold": 1e-06
}