{
  "n": 2000,
  "trace": 2000.0000000000005,
  "lambda_min": 0.002981496313495391,
  "lambda_max": 501.74366765684044,
  "effective_rank@1e-06": 2000,
  "threshold": 1e-06
}