{
  "n": 2000,
  "trace": 2000.0,
  "lambda_min": 0.0017328233746735152,
  "lambda_max": 32.603239020283866,
  "effective_rank@1e-06": 2000,
  "threshold": 1e-06
}