{
  "n": 2000,
  "trace": 2000.0,
  "lambda_min": 0.0003265415242230005,
  "lambda_max": 318.48550821149297,
  "effective_rank@1e-06": 2000,
  "threshold": 1e-06
}