{
  "n": 2000,
  "trace": 2000.0000000000005,
  "lambda_min": 0.005249536994835238,
  "lambda_max": 32.75195296645879,
  "effective_rank@1e-06": 2000,
  "threshold": 1e-06
}