{
  "n": 2000,
  "trace": 2000.0,
  "lambda_min": 0.0005012666133035868,
  "lambda_max": 32.57315378925907,
  "effective_rank@1e-06": 2000,
  "threshold": 1e-06
}