{
  "n": 195,
  "trace": 195.0,
  "lambda_min": 0.5758215195559094,
  "lambda_max": 31.199752548513654,
  "effective_rank@1e-06": 195,
  "threshold": 1e-06
}