{
  "n": 195,
  "trace": 195.00000000000006,
  "lambda_min": 0.5758215195559109,
  "lambda_max": 31.199752548513636,
  "effective_rank@1e-06": 195,
  "threshold": 1e-06
}