{
  "n": 195,
  "trace": 194.99999999999994,
  "lambda_min": 0.9971037398568906,
  "lambda_max": 1.0033563011735072,
  "effective_rank@1e-06": 195,
  "threshold": 1e-06
}