{
  "n": 195,
  "trace": 195.0,
  "lambda_min": 0.9971037398568893,
  "lambda_max": 1.0033563011735085,
  "effective_rank@1e-06": 195,
  "threshold": 1e-06
}