{
  "n": 195,
  "trace": 195.00000000000003,
  "lambda_min": 0.25408526147120103,
  "lambda_max": 49.43544270016287,
  "effective_rank@1e-06": 195,
  "threshold": 1e-06
}