{
  "n": 195,
  "trace": 194.99999999999997,
  "lambda_min": 0.22211920824802334,
  "lambda_max": 49.41716729869641,
  "effective_rank@1e-06": 195,
  "threshold": 1e-06
}