{
  "n": 195,
  "trace": 194.99999999999994,
  "lambda_min": 0.564678482792422,
  "lambda_max": 31.177116195264784,
  "effective_rank@1e-06": 195,
  "threshold": 1e-06
}