{
  "n": 195,
  "trace": 195.0,
  "lambda_min": 0.986848182466377,
  "lambda_max": 1.013986508789449,
  "effective_rank@1e-06": 195,
  "threshold": 1e-06
}