{
  "n": 195,
  "trace": 195.0,
  "lambda_min": 0.5646784827924185,
  "lambda_max": 31.17711619526483,
  "effective_rank@1e-06": 195,
  "threshold": 1e-06
}