{
  "n": 195,
  "trace": 195.0,
  "lambda_min": 0.9868481824663753,
  "lambda_max": 1.0139865087894508,
  "effective_rank@1e-06": 195,
  "threshold": 1e-06
}