{
  "n": 195,
  "trace": 195.00000000000003,
  "lambda_min": 0.2221192082480272,
  "lambda_max": 49.417167298696526,
  "effective_rank@1e-06": 195,
  "threshold": 1e-06
}