{
  "n": 195,
  "trace": 194.99999999999997,
  "lambda_min": 0.2221192082480231,
  "lambda_max": 49.41716729869639,
  "effective_rank@1e-06": 195,
  "threshold": 1e-06
}