{
  "n": 569,
  "trace": 569.0,
  "lambda_min": 0.3398043552436869,
  "lambda_max": 54.75947857458054,
  "effective_rank@1e-06": 569,
  "threshold": 1e-06
}