{
  "n": 569,
  "trace": 568.9999999999999,
  "lambda_min": 0.015734605257947714,
  "lambda_max": 166.19289195702902,
  "effective_rank@1e-06": 569,
  "threshold": 1e-06
}