{
  "n": 569,
  "trace": 568.9999999999999,
  "lambda_min": 0.25268149922258487,
  "lambda_max": 97.00480120553371,
  "effective_rank@1e-06": 569,
  "threshold": 1e-06
}