{
  "n": 569,
  "trace": 569.0,
  "lambda_min": 0.025425993622933872,
  "lambda_max": 112.56300296178888,
  "effective_rank@1e-06": 569,
  "threshold": 1e-06
}