{
  "n": 569,
  "trace": 569.0000000000001,
  "lambda_min": 0.4543181306717324,
  "lambda_max": 4.2331524158141995,
  "effective_rank@1e-06": 569,
  "threshold": 1e-06
}