{
  "n": 569,
  "trace": 569.0000000000002,
  "lambda_min": -3.943266404085368e-14,
  "lambda_max": 270.2224087121307,
  "effective_rank@1e-06": 49,
  "threshold": 1e-06
}