{
  "n": 569,
  "trace": 569.0000000000001,
  "lambda_min": 0.025425993622926427,
  "lambda_max": 112.56300296178895,
  "effective_rank@1e-06": 569,
  "threshold": 1e-06
}