{
  "n": 569,
  "trace": 569.0000000000001,
  "lambda_min": 0.030652508996587648,
  "lambda_max": 152.5868895318552,
  "effective_rank@1e-06": 569,
  "threshold": 1e-06
}