{
  "n": 569,
  "trace": 569.0,
  "lambda_min": 0.04694008500701574,
  "lambda_max": 13.420785420792999,
  "effective_rank@1e-06": 569,
  "threshold": 1e-06
}