{
  "n": 569,
  "trace": 568.9999999999999,
  "lambda_min": 0.008706176410464813,
  "lambda_max": 181.9369938660012,
  "effective_rank@1e-06": 569,
  "threshold": 1e-06
}