{
  "n": 569,
  "trace": 569.0,
  "lambda_min": 0.15750862772216637,
  "lambda_max": 149.27345124035463,
  "effective_rank@1e-06": 569,
  "threshold": 1e-06
}