{
  "n": 569,
  "trace": 569.0,
  "lambda_min": 0.45431813067173354,
  "lambda_max": 4.233152415814185,
  "effective_rank@1e-06": 569,
  "threshold": 1e-06
}