{
  "n": 569,
  "trace": 569.0000000000001,
  "lambda_min": 0.030652508996588362,
  "lambda_max": 152.58688953185566,
  "effective_rank@1e-06": 569,
  "threshold": 1e-06
}