{
  "n": 569,
  "trace": 569.0,
  "lambda_min": 0.03451043892333066,
  "lambda_max": 67.16722550766536,
  "effective_rank@1e-06": 569,
  "threshold": 1e-06
}