{
  "n": 569,
  "trace": 569.0,
  "lambda_min": 0.1575086277221655,
  "lambda_max": 149.2734512403547,
  "effective_rank@1e-06": 569,
  "threshold": 1e-06
}