{
  "n": 569,
  "trace": 569.0000000000001,
  "lambda_min": -3.87689072059384e-14,
  "lambda_max": 270.2224087121306,
  "effective_rank@1e-06": 49,
  "threshold": 1e-06
}