{
  "n": 569,
  "trace": 569.0,
  "lambda_min": 0.01573460525795054,
  "lambda_max": 166.19289195702922,
  "effective_rank@1e-06": 569,
  "threshold": 1e-06
}