{
  "n": 569,
  "trace": 568.9999999999999,
  "lambda_min": 0.030652508996582985,
  "lambda_max": 152.58688953185552,
  "effective_rank@1e-06": 569,
  "threshold": 1e-06
}