{
  "n": 569,
  "trace": 569.0000000000005,
  "lambda_min": -1.8628212890224128e-14,
  "lambda_max": 270.2224087121308,
  "effective_rank@1e-06": 49,
  "threshold": 1e-06
}