{
  "n": 569,
  "trace": 569.0000000000001,
  "lambda_min": 0.15750862772216223,
  "lambda_max": 149.27345124035475,
  "effective_rank@1e-06": 569,
  "threshold": 1e-06
}