{
  "n": 569,
  "trace": 569.0,
  "lambda_min": 0.4543181306717362,
  "lambda_max": 4.233152415814196,
  "effective_rank@1e-06": 569,
  "threshold": 1e-06
}