{
  "n": 569,
  "trace": 569.0000000000002,
  "lambda_min": -3.228723141594258e-14,
  "lambda_max": 259.5371186630792,
  "effective_rank@1e-06": 49,
  "threshold": 1e-06
}