{
  "n": 569,
  "trace": 569.0,
  "lambda_min": 0.046940085007014465,
  "lambda_max": 13.42078542079301,
  "effective_rank@1e-06": 569,
  "threshold": 1e-06
}