{
  "n": 569,
  "trace": 568.9999999999998,
  "lambda_min": 0.12489420778445082,
  "lambda_max": 109.6914612367701,
  "effective_rank@1e-06": 569,
  "threshold": 1e-06
}