{
  "n": 569,
  "trace": 569.0,
  "lambda_min": 0.24046030861281328,
  "lambda_max": 4.086887836025745,
  "effective_rank@1e-06": 569,
  "threshold": 1e-06
}