{
  "n": 569,
  "trace": 568.9999999999998,
  "lambda_min": 0.027927812073169186,
  "lambda_max": 183.91982208370078,
  "effective_rank@1e-06": 569,
  "threshold": 1e-06
}