{
  "n": 569,
  "trace": 569.0,
  "lambda_min": 0.24044643837916202,
  "lambda_max": 4.086932889178708,
  "effective_rank@1e-06": 569,
  "threshold": 1e-06
}