{
  "n": 569,
  "trace": 569.0,
  "lambda_min": 0.24044901696818852,
  "lambda_max": 4.0869026947386455,
  "effective_rank@1e-06": 569,
  "threshold": 1e-06
}