{
  "n": 569,
  "trace": 568.9999999999999,
  "lambda_min": 0.02793162020097442,
  "lambda_max": 183.91975002836529,
  "effective_rank@1e-06": 569,
  "threshold": 1e-06
}