{
  "n": 920,
  "trace": 920.0,
  "lambda_min": 0.18998754338809018,
  "lambda_max": 236.9485695817153,
  "effective_rank@1e-06": 920,
  "threshold": 1e-06
}