{
  "n": 920,
  "trace": 920.0,
  "lambda_min": -7.769926773906411e-16,
  "lambda_max": 152.4175369292402,
  "effective_rank@1e-06": 918,
  "threshold": 1e-06
}