{
  "n": 920,
  "trace": 920.0000000000002,
  "lambda_min": -6.661587430345611e-16,
  "lambda_max": 2.0001646551413064,
  "effective_rank@1e-06": 918,
  "threshold": 1e-06
}