{
  "n": 920,
  "trace": 920.0,
  "lambda_min": 2.2204452183224636e-16,
  "lambda_max": 2.0001646551413077,
  "effective_rank@1e-06": 918,
  "threshold": 1e-06
}