{
  "n": 920,
  "trace": 919.9999999999998,
  "lambda_min": -4.479926764723287e-16,
  "lambda_max": 2.0001646551413073,
  "effective_rank@1e-06": 918,
  "threshold": 1e-06
}