{
  "n": 920,
  "trace": 920.0000000000002,
  "lambda_min": 0.18998754338809154,
  "lambda_max": 236.94856958171604,
  "effective_rank@1e-06": 920,
  "threshold": 1e-06
}