{
  "n": 920,
  "trace": 920.0,
  "lambda_min": 7.28029517766656e-16,
  "lambda_max": 152.41753692924016,
  "effective_rank@1e-06": 918,
  "threshold": 1e-06
}