{
  "n": 920,
  "trace": 919.9999999999999,
  "lambda_min": -3.027245004143381e-15,
  "lambda_max": 152.4175369292401,
  "effective_rank@1e-06": 918,
  "threshold": 1e-06
}