{
  "n": 2000,
  "trace": 2000.0000000000007,
  "lambda_min": 0.5183463267893617,
  "lambda_max": 312.34818698798915,
  "effective_rank@1e-06": 2000,
  "threshold": 1e-06
}