{
  "n": 2000,
  "trace": 1999.999999999998,
  "lambda_min": 0.07789274293176568,
  "lambda_max": 500.9688932230033,
  "effective_rank@1e-06": 2000,
  "threshold": 1e-06
}