{
  "n": 2000,
  "trace": 1999.9999999999998,
  "lambda_min": 0.5201916984014789,
  "lambda_max": 312.44754647936105,
  "effective_rank@1e-06": 2000,
  "threshold": 1e-06
}