{
  "n": 2000,
  "trace": 1999.9999999999995,
  "lambda_min": 0.5248479924032896,
  "lambda_max": 311.9766032796217,
  "effective_rank@1e-06": 2000,
  "threshold": 1e-06
}