{
  "n": 2000,
  "trace": 2000.0,
  "lambda_min": 0.07073906781395939,
  "lambda_max": 500.835128199277,
  "effective_rank@1e-06": 2000,
  "threshold": 1e-06
}