{
  "n": 2000,
  "trace": 2000.0,
  "lambda_min": 0.9838199311250558,
  "lambda_max": 1.0310640249590934,
  "effective_rank@1e-06": 2000,
  "threshold": 1e-06
}