{
  "n": 2000,
  "trace": 2000.000000000001,
  "lambda_min": 0.0952802624265682,
  "lambda_max": 500.99347952355174,
  "effective_rank@1e-06": 2000,
  "threshold": 1e-06
}