{
  "n": 2000,
  "trace": 1999.9999999999995,
  "lambda_min": 0.8784550380872136,
  "lambda_max": 1.1216252011134757,
  "effective_rank@1e-06": 2000,
  "threshold": 1e-06
}