{
  "n": 2000,
  "trace": 1999.9999999999998,
  "lambda_min": 0.982460244924918,
  "lambda_max": 1.0313606881660244,
  "effective_rank@1e-06": 2000,
  "threshold": 1e-06
}