{
  "n": 1000,
  "trace": 1000.0,
  "lambda_min": 0.08282629389484397,
  "lambda_max": 255.38354307063526,
  "effective_rank@1e-06": 1000,
  "threshold": 1e-06
}