{
  "n": 1000,
  "trace": 1000.0000000000003,
  "lambda_min": 0.03522741937993196,
  "lambda_max": 158.65815108471514,
  "effective_rank@1e-06": 1000,
  "threshold": 1e-06
}