{
  "n": 1000,
  "trace": 1000.0000000000006,
  "lambda_min": 0.026687491063116544,
  "lambda_max": 159.08699784410456,
  "effective_rank@1e-06": 1000,
  "threshold": 1e-06
}