{
  "n": 1000,
  "trace": 1000.0000000000002,
  "lambda_min": 0.03398468131222843,
  "lambda_max": 158.7058714055483,
  "effective_rank@1e-06": 1000,
  "threshold": 1e-06
}