{
  "n": 1000,
  "trace": 1000.0000000000001,
  "lambda_min": 0.04937627019059446,
  "lambda_max": 2.1918819981572204,
  "effective_rank@1e-06": 1000,
  "threshold": 1e-06
}