{
  "n": 1000,
  "trace": 999.9999999999999,
  "lambda_min": 0.05109832381846431,
  "lambda_max": 2.8886841194595205,
  "effective_rank@1e-06": 1000,
  "threshold": 1e-06
}