{
  "n": 1000,
  "trace": 1000.0000000000003,
  "lambda_min": 0.07722027477247938,
  "lambda_max": 254.75323891616733,
  "effective_rank@1e-06": 1000,
  "threshold": 1e-06
}