{
  "n": 1000,
  "trace": 1000.0000000000005,
  "lambda_min": 0.08127992755324492,
  "lambda_max": 257.36230259386343,
  "effective_rank@1e-06": 1000,
  "threshold": 1e-06
}