{
  "n": 2000,
  "trace": 2000.0000000000005,
  "lambda_min": 0.007200310722652637,
  "lambda_max": 309.77382243166403,
  "effective_rank@1e-06": 2000,
  "threshold": 1e-06
}