{
  "n": 2000,
  "trace": 1999.9999999999982,
  "lambda_min": 0.013313540562256507,
  "lambda_max": 500.99484639189086,
  "effective_rank@1e-06": 2000,
  "threshold": 1e-06
}