{
  "n": 2000,
  "trace": 1999.999999999999,
  "lambda_min": 0.033762912852250526,
  "lambda_max": 309.0850046309598,
  "effective_rank@1e-06": 2000,
  "threshold": 1e-06
}