{
  "n": 2000,
  "trace": 1999.9999999999998,
  "lambda_min": 0.17012295139955924,
  "lambda_max": 8.92955913498281,
  "effective_rank@1e-06": 2000,
  "threshold": 1e-06
}