{
  "n": 2000,
  "trace": 1999.9999999999995,
  "lambda_min": 0.10714261117058056,
  "lambda_max": 310.81474471966794,
  "effective_rank@1e-06": 2000,
  "threshold": 1e-06
}