{
  "n": 2000,
  "trace": 2000.0000000000007,
  "lambda_min": 0.008801656089655607,
  "lambda_max": 501.35491417924527,
  "effective_rank@1e-06": 2000,
  "threshold": 1e-06
}