{
  "n": 2000,
  "trace": 1999.9999999999993,
  "lambda_min": 0.012765874587023607,
  "lambda_max": 501.3894616878697,
  "effective_rank@1e-06": 2000,
  "threshold": 1e-06
}