{
  "n": 2000,
  "trace": 2000.0,
  "lambda_min": 0.05826109386131195,
  "lambda_max": 8.881761998708619,
  "effective_rank@1e-06": 2000,
  "threshold": 1e-06
}