{
  "n": 2000,
  "trace": 2000.0000000000002,
  "lambda_min": 0.0119368388086869,
  "lambda_max": 8.927329366834595,
  "effective_rank@1e-06": 2000,
  "threshold": 1e-06
}