{
  "n": 920,
  "trace": 919.9999999999999,
  "lambda_min": 0.00010750786540781226,
  "lambda_max": 230.86672835285594,
  "effective_rank@1e-06": 920,
  "threshold": 1e-06
}