{
  "n": 920,
  "trace": 920.0000000000001,
  "lambda_min": -5.747855116468507e-15,
  "lambda_max": 58.72434638843396,
  "effective_rank@1e-06": 185,
  "threshold": 1e-06
}