{
  "n": 920,
  "trace": 920.0000000000003,
  "lambda_min": -1.5478996930268875e-14,
  "lambda_max": 167.23909456800186,
  "effective_rank@1e-06": 185,
  "threshold": 1e-06
}