{
  "n": 920,
  "trace": 920.0000000000002,
  "lambda_min": -1.0193201646859669e-14,
  "lambda_max": 58.724346388434014,
  "effective_rank@1e-06": 185,
  "threshold": 1e-06
}