{
  "n": 920,
  "trace": 920.0000000000001,
  "lambda_min": 0.0001075078654086448,
  "lambda_max": 230.86672835285634,
  "effective_rank@1e-06": 920,
  "threshold": 1e-06
}