{
  "n": 920,
  "trace": 920.0000000000003,
  "lambda_min": -1.9745331636366575e-14,
  "lambda_max": 167.23909456800178,
  "effective_rank@1e-06": 185,
  "threshold": 1e-06
}