{
  "n": 920,
  "trace": 920.0000000000002,
  "lambda_min": -2.5584386472225018e-14,
  "lambda_max": 167.23909456800197,
  "effective_rank@1e-06": 185,
  "threshold": 1e-06
}