{
  "n": 2000,
  "trace": 2000.0,
  "lambda_min": 0.7618936525059381,
  "lambda_max": 1.2381098932171868,
  "effective_rank@1e-06": 2000,
  "threshold": 1e-06
}