{
  "n": 2000,
  "trace": 1999.999999999999,
  "lambda_min": 0.5459171203503844,
  "lambda_max": 318.23309197811375,
  "effective_rank@1e-06": 2000,
  "threshold": 1e-06
}