{
  "n": 2000,
  "trace": 2000.0000000000007,
  "lambda_min": 0.153045629130977,
  "lambda_max": 505.13415772964464,
  "effective_rank@1e-06": 2000,
  "threshold": 1e-06
}