{
  "n": 2000,
  "trace": 1999.9999999999993,
  "lambda_min": 0.4511735461811005,
  "lambda_max": 310.0390370712819,
  "effective_rank@1e-06": 2000,
  "threshold": 1e-06
}