{
  "n": 2000,
  "trace": 2000.0000000000002,
  "lambda_min": 0.9581371257798736,
  "lambda_max": 1.041896614623614,
  "effective_rank@1e-06": 2000,
  "threshold": 1e-06
}