{
  "n": 2000,
  "trace": 1999.999999999999,
  "lambda_min": 0.5414620238623171,
  "lambda_max": 317.6246544832894,
  "effective_rank@1e-06": 2000,
  "threshold": 1e-06
}