{
  "n": 2000,
  "trace": 2000.0000000000018,
  "lambda_min": 0.16795592283252733,
  "lambda_max": 504.7345016161432,
  "effective_rank@1e-06": 2000,
  "threshold": 1e-06
}