{
  "n": 2000,
  "trace": 2000.0000000000011,
  "lambda_min": 0.10509383685483463,
  "lambda_max": 505.6455186156407,
  "effective_rank@1e-06": 2000,
  "threshold": 1e-06
}