{
  "n": 195,
  "trace": 195.0,
  "lambda_min": 0.9976954465618283,
  "lambda_max": 1.0023172661363982,
  "effective_rank@1e-06": 195,
  "threshold": 1e-06
}