{
  "n": 195,
  "trace": 195.0,
  "lambda_min": 0.5776553199454635,
  "lambda_max": 31.36429469609842,
  "effective_rank@1e-06": 195,
  "threshold": 1e-06
}