{
  "n": 195,
  "trace": 195.00000000000006,
  "lambda_min": 0.25594673009148905,
  "lambda_max": 49.41950224942492,
  "effective_rank@1e-06": 195,
  "threshold": 1e-06
}