{
  "n": 195,
  "trace": 195.00000000000003,
  "lambda_min": 0.9976954465618286,
  "lambda_max": 1.002317266136398,
  "effective_rank@1e-06": 195,
  "threshold": 1e-06
}