{
  "n": 195,
  "trace": 195.00000000000003,
  "lambda_min": 0.5776553199454627,
  "lambda_max": 31.36429469609839,
  "effective_rank@1e-06": 195,
  "threshold": 1e-06
}