{
  "n": 569,
  "trace": 569.0,
  "lambda_min": 0.7339004224987278,
  "lambda_max": 1.5301999788925498,
  "effective_rank@1e-06": 569,
  "threshold": 1e-06
}