{
  "n": 569,
  "trace": 569.0,
  "lambda_min": 0.3878621518589715,
  "lambda_max": 109.97883479132778,
  "effective_rank@1e-06": 569,
  "threshold": 1e-06
}