{
  "n": 569,
  "trace": 569.0000000000001,
  "lambda_min": 0.7339004264017835,
  "lambda_max": 1.530199973082841,
  "effective_rank@1e-06": 569,
  "threshold": 1e-06
}