{
  "n": 569,
  "trace": 569.0000000000003,
  "lambda_min": 0.0410445587103762,
  "lambda_max": 185.99918681100985,
  "effective_rank@1e-06": 569,
  "threshold": 1e-06
}