{
  "n": 569,
  "trace": 569.0,
  "lambda_min": 0.38786215191973394,
  "lambda_max": 109.9788347920954,
  "effective_rank@1e-06": 569,
  "threshold": 1e-06
}