{
  "n": 569,
  "trace": 569.0,
  "lambda_min": 0.73390042649895,
  "lambda_max": 1.5301999729979692,
  "effective_rank@1e-06": 569,
  "threshold": 1e-06
}