{
  "n": 569,
  "trace": 569.0000000000002,
  "lambda_min": 0.041044558754897854,
  "lambda_max": 185.99918681026776,
  "effective_rank@1e-06": 569,
  "threshold": 1e-06
}