{
  "n": 569,
  "trace": 568.9999999999997,
  "lambda_min": 0.04104455792824235,
  "lambda_max": 185.99918686115507,
  "effective_rank@1e-06": 569,
  "threshold": 1e-06
}