{
  "n": 569,
  "trace": 569.0,
  "lambda_min": 0.38786214961907983,
  "lambda_max": 109.97883480969938,
  "effective_rank@1e-06": 569,
  "threshold": 1e-06
}