{
  "n": 920,
  "trace": 920.0,
  "lambda_min": -7.395793680022358e-16,
  "lambda_max": 154.33504130127716,
  "effective_rank@1e-06": 918,
  "threshold": 1e-06
}