{
  "n": 920,
  "trace": 919.9999999999999,
  "lambda_min": -2.414407571223585e-15,
  "lambda_max": 154.335041301277,
  "effective_rank@1e-06": 918,
  "threshold": 1e-06
}