{
  "n": 920,
  "trace": 920.0000000000002,
  "lambda_min": 0.18040231563961834,
  "lambda_max": 238.55953641478544,
  "effective_rank@1e-06": 920,
  "threshold": 1e-06
}