{
  "n": 920,
  "trace": 920.0000000000001,
  "lambda_min": 1.7753567405782527e-15,
  "lambda_max": 2.010606487726077,
  "effective_rank@1e-06": 918,
  "threshold": 1e-06
}