{
  "n": 920,
  "trace": 920.0000000000005,
  "lambda_min": 0.18040231563962097,
  "lambda_max": 238.55953641478519,
  "effective_rank@1e-06": 920,
  "threshold": 1e-06
}