{
  "n": 920,
  "trace": 920.0000000000001,
  "lambda_min": 6.048501888245751e-16,
  "lambda_max": 2.0106064877260788,
  "effective_rank@1e-06": 918,
  "threshold": 1e-06
}