{
  "n": 920,
  "trace": 920.0,
  "lambda_min": -6.683126714878925e-16,
  "lambda_max": 2.0106064877260827,
  "effective_rank@1e-06": 918,
  "threshold": 1e-06
}