{
  "n": 920,
  "trace": 919.9999999999995,
  "lambda_min": 0.18040231563962042,
  "lambda_max": 238.5595364147846,
  "effective_rank@1e-06": 920,
  "threshold": 1e-06
}