{
  "n": 920,
  "trace": 920.0000000000001,
  "lambda_min": -1.4467991347535249e-15,
  "lambda_max": 154.335041301277,
  "effective_rank@1e-06": 918,
  "threshold": 1e-06
}