{
  "n": 195,
  "trace": 195.00000000000006,
  "lambda_min": 0.588087036971872,
  "lambda_max": 31.373456336030635,
  "effective_rank@1e-06": 195,
  "threshold": 1e-06
}