{
  "n": 195,
  "trace": 195.00000000000003,
  "lambda_min": 0.28989013870553976,
  "lambda_max": 49.39170899837818,
  "effective_rank@1e-06": 195,
  "threshold": 1e-06
}