{
  "n": 195,
  "trace": 195.00000000000003,
  "lambda_min": 0.9996001553609488,
  "lambda_max": 1.0004008349926725,
  "effective_rank@1e-06": 195,
  "threshold": 1e-06
}