{
  "n": 195,
  "trace": 195.0,
  "lambda_min": 0.2898901387055517,
  "lambda_max": 49.39170899837801,
  "effective_rank@1e-06": 195,
  "threshold": 1e-06
}