{
  "n": 195,
  "trace": 194.99999999999997,
  "lambda_min": 0.9996001553609505,
  "lambda_max": 1.0004008349926745,
  "effective_rank@1e-06": 195,
  "threshold": 1e-06
}