{
  "n": 195,
  "trace": 195.0,
  "lambda_min": 0.9996001553609503,
  "lambda_max": 1.0004008349926738,
  "effective_rank@1e-06": 195,
  "threshold": 1e-06
}