{
  "n": 195,
  "trace": 195.0,
  "lambda_min": 0.5880870369718734,
  "lambda_max": 31.373456336030593,
  "effective_rank@1e-06": 195,
  "threshold": 1e-06
}