{
  "n": 2000,
  "trace": 1999.9999999999989,
  "lambda_min": 0.12222713430095807,
  "lambda_max": 309.78571083022297,
  "effective_rank@1e-06": 2000,
  "threshold": 1e-06
}