{
  "n": 2000,
  "trace": 1999.9999999999995,
  "lambda_min": 0.006040551477681327,
  "lambda_max": 309.1269414127003,
  "effective_rank@1e-06": 2000,
  "threshold": 1e-06
}