{
  "n": 2000,
  "trace": 2000.0000000000002,
  "lambda_min": 0.20777949262644424,
  "lambda_max": 8.932933527977923,
  "effective_rank@1e-06": 2000,
  "threshold": 1e-06
}