{
  "n": 2000,
  "trace": 2000.0,
  "lambda_min": 0.014189349816655941,
  "lambda_max": 501.860136808187,
  "effective_rank@1e-06": 2000,
  "threshold": 1e-06
}