{
  "n": 2000,
  "trace": 1999.9999999999989,
  "lambda_min": 0.01924928452235919,
  "lambda_max": 309.46211679128413,
  "effective_rank@1e-06": 2000,
  "threshold": 1e-06
}