{
  "n": 2000,
  "trace": 2000.0000000000011,
  "lambda_min": 0.01891128887204263,
  "lambda_max": 501.4414539034352,
  "effective_rank@1e-06": 2000,
  "threshold": 1e-06
}