{
  "n": 2000,
  "trace": 1999.9999999999995,
  "lambda_min": 0.011046406866116742,
  "lambda_max": 501.7756824767399,
  "effective_rank@1e-06": 2000,
  "threshold": 1e-06
}