{
  "n": 2000,
  "trace": 2000.0,
  "lambda_min": 0.030317541345494668,
  "lambda_max": 8.924915464524606,
  "effective_rank@1e-06": 2000,
  "threshold": 1e-06
}