{
  "n": 920,
  "trace": 920.0,
  "lambda_min": 0.19872855676526976,
  "lambda_max": 235.4152889863637,
  "effective_rank@1e-06": 920,
  "threshold": 1e-06
}