{
  "n": 920,
  "trace": 919.9999999999998,
  "lambda_min": -5.273116427540293e-16,
  "lambda_max": 153.00506555193357,
  "effective_rank@1e-06": 918,
  "threshold": 1e-06
}