{
  "n": 920,
  "trace": 920.0000000000001,
  "lambda_min": 4.4045153942175727e-16,
  "lambda_max": 2.000010426381066,
  "effective_rank@1e-06": 918,
  "threshold": 1e-06
}