{
  "n": 920,
  "trace": 919.9999999999998,
  "lambda_min": 0.19872855676527396,
  "lambda_max": 235.41528898636238,
  "effective_rank@1e-06": 920,
  "threshold": 1e-06
}