{
  "n": 920,
  "trace": 919.9999999999998,
  "lambda_min": 0.19872855676527798,
  "lambda_max": 235.4152889863627,
  "effective_rank@1e-06": 920,
  "threshold": 1e-06
}