{
  "n": 920,
  "trace": 919.9999999999998,
  "lambda_min": -7.891593687756188e-16,
  "lambda_max": 2.0000104263810625,
  "effective_rank@1e-06": 918,
  "threshold": 1e-06
}