{
  "n": 920,
  "trace": 920.0,
  "lambda_min": -1.8298015724199457e-16,
  "lambda_max": 2.0000104263810634,
  "effective_rank@1e-06": 918,
  "threshold": 1e-06
}