{
  "n": 920,
  "trace": 919.9999999999998,
  "lambda_min": -1.2989936460838958e-15,
  "lambda_max": 153.00506555193343,
  "effective_rank@1e-06": 918,
  "threshold": 1e-06
}