{
  "n": 920,
  "trace": 920.0000000000001,
  "lambda_min": -4.1756744687744174e-16,
  "lambda_max": 153.00506555193368,
  "effective_rank@1e-06": 918,
  "threshold": 1e-06
}