{
  "n": 351,
  "trace": 350.99999999999994,
  "lambda_min": -5.619168067445245e-16,
  "lambda_max": 55.371290203008726,
  "effective_rank@1e-06": 350,
  "threshold": 1e-06
}