{
  "n": 351,
  "trace": 351.0,
  "lambda_min": 0.17185075392221313,
  "lambda_max": 88.67844352597295,
  "effective_rank@1e-06": 351,
  "threshold": 1e-06
}