{
  "n": 351,
  "trace": 351.0,
  "lambda_min": 2.8771597017330356e-15,
  "lambda_max": 2.000036110572556,
  "effective_rank@1e-06": 350,
  "threshold": 1e-06
}