{
  "n": 351,
  "trace": 350.99999999999994,
  "lambda_min": 0.17185075392219804,
  "lambda_max": 88.67844352597277,
  "effective_rank@1e-06": 351,
  "threshold": 1e-06
}