{
  "n": 351,
  "trace": 350.99999999999994,
  "lambda_min": 1.3756780887299476e-15,
  "lambda_max": 2.0000361105725535,
  "effective_rank@1e-06": 350,
  "threshold": 1e-06
}