{
  "n": 351,
  "trace": 351.00000000000006,
  "lambda_min": 0.17185075392220764,
  "lambda_max": 88.67844352597281,
  "effective_rank@1e-06": 351,
  "threshold": 1e-06
}