{
  "n": 351,
  "trace": 351.00000000000006,
  "lambda_min": 1.1421855203271435e-15,
  "lambda_max": 55.37129020300874,
  "effective_rank@1e-06": 350,
  "threshold": 1e-06
}