{
  "n": 920,
  "trace": 920.0000000000007,
  "lambda_min": -1.4921585958852132e-15,
  "lambda_max": 143.25535233251512,
  "effective_rank@1e-06": 918,
  "threshold": 1e-06
}