{
  "n": 920,
  "trace": 920.0000000000005,
  "lambda_min": 0.1138900506507256,
  "lambda_max": 230.88225315671906,
  "effective_rank@1e-06": 920,
  "threshold": 1e-06
}