{
  "n": 920,
  "trace": 919.9999999999998,
  "lambda_min": 0.11389005065071443,
  "lambda_max": 230.8822531567183,
  "effective_rank@1e-06": 920,
  "threshold": 1e-06
}