{
  "n": 920,
  "trace": 920.0,
  "lambda_min": 2.9395570826491074e-15,
  "lambda_max": 2.0013421264090723,
  "effective_rank@1e-06": 918,
  "threshold": 1e-06
}