{
  "n": 920,
  "trace": 920.0,
  "lambda_min": 3.768315907025968e-15,
  "lambda_max": 2.001342126409072,
  "effective_rank@1e-06": 918,
  "threshold": 1e-06
}