{
  "n": 920,
  "trace": 920.0000000000003,
  "lambda_min": -7.785446948439022e-16,
  "lambda_max": 143.25535233251483,
  "effective_rank@1e-06": 918,
  "threshold": 1e-06
}