{
  "n": 920,
  "trace": 919.9999999999998,
  "lambda_min": 0.11389005065071049,
  "lambda_max": 230.88225315671784,
  "effective_rank@1e-06": 920,
  "threshold": 1e-06
}