{
  "n": 920,
  "trace": 919.9999999999999,
  "lambda_min": -2.3897115036097593e-15,
  "lambda_max": 143.25535233251478,
  "effective_rank@1e-06": 918,
  "threshold": 1e-06
}