{
  "n": 920,
  "trace": 920.0000000000001,
  "lambda_min": 2.490229726193035e-15,
  "lambda_max": 2.0013421264090727,
  "effective_rank@1e-06": 918,
  "threshold": 1e-06
}