{
  "n": 2000,
  "trace": 2000.0000000000002,
  "lambda_min": 0.9662418509964573,
  "lambda_max": 1.1240024559790314,
  "effective_rank@1e-06": 2000,
  "threshold": 1e-06
}