{
  "n": 2000,
  "trace": 2000.0000000000007,
  "lambda_min": 0.5167514243870964,
  "lambda_max": 310.99543472156586,
  "effective_rank@1e-06": 2000,
  "threshold": 1e-06
}