{
  "n": 2000,
  "trace": 1999.9999999999995,
  "lambda_min": 0.8013316232395366,
  "lambda_max": 1.1994384821357813,
  "effective_rank@1e-06": 2000,
  "threshold": 1e-06
}