{
  "n": 2000,
  "trace": 2000.0000000000011,
  "lambda_min": 0.04558939695577002,
  "lambda_max": 501.1789499597488,
  "effective_rank@1e-06": 2000,
  "threshold": 1e-06
}