{
  "n": 2000,
  "trace": 1999.9999999999998,
  "lambda_min": 0.9589881764032682,
  "lambda_max": 1.1233125560816384,
  "effective_rank@1e-06": 2000,
  "threshold": 1e-06
}