{
  "n": 2000,
  "trace": 1999.9999999999989,
  "lambda_min": 0.06755327879531359,
  "lambda_max": 501.01101596463377,
  "effective_rank@1e-06": 2000,
  "threshold": 1e-06
}