{
  "n": 2000,
  "trace": 2000.0,
  "lambda_min": 0.48723124847889476,
  "lambda_max": 311.3391814723883,
  "effective_rank@1e-06": 2000,
  "threshold": 1e-06
}