{
  "n": 2000,
  "trace": 1999.9999999999995,
  "lambda_min": 0.06931308466982711,
  "lambda_max": 500.8616792308186,
  "effective_rank@1e-06": 2000,
  "threshold": 1e-06
}