{
  "n": 2000,
  "trace": 1999.999999999999,
  "lambda_min": 0.5175591257537038,
  "lambda_max": 311.32264974171153,
  "effective_rank@1e-06": 2000,
  "threshold": 1e-06
}