{
  "n": 1000,
  "trace": 1000.0,
  "lambda_min": 0.03691544594243118,
  "lambda_max": 255.05404031624033,
  "effective_rank@1e-06": 1000,
  "threshold": 1e-06
}