{
  "n": 1000,
  "trace": 999.9999999999999,
  "lambda_min": 0.06978340559765708,
  "lambda_max": 156.16096382533672,
  "effective_rank@1e-06": 1000,
  "threshold": 1e-06
}