{
  "n": 1000,
  "trace": 999.9999999999998,
  "lambda_min": 0.0441110349757492,
  "lambda_max": 252.59199465183508,
  "effective_rank@1e-06": 1000,
  "threshold": 1e-06
}