{
  "n": 1000,
  "trace": 999.9999999999998,
  "lambda_min": 0.11978859707236648,
  "lambda_max": 2.135864170139901,
  "effective_rank@1e-06": 1000,
  "threshold": 1e-06
}