{
  "n": 1000,
  "trace": 1000.0000000000005,
  "lambda_min": 0.0476257694982789,
  "lambda_max": 251.9683024484276,
  "effective_rank@1e-06": 1000,
  "threshold": 1e-06
}