{
  "n": 1000,
  "trace": 1000.0,
  "lambda_min": 0.20129176603356846,
  "lambda_max": 2.250559783037759,
  "effective_rank@1e-06": 1000,
  "threshold": 1e-06
}