{
  "n": 1000,
  "trace": 1000.0,
  "lambda_min": 0.11706450494153196,
  "lambda_max": 157.28575890618504,
  "effective_rank@1e-06": 1000,
  "threshold": 1e-06
}