{
  "n": 1000,
  "trace": 999.9999999999998,
  "lambda_min": 0.11988003854000917,
  "lambda_max": 2.2629637368993905,
  "effective_rank@1e-06": 1000,
  "threshold": 1e-06
}