{
  "n": 351,
  "trace": 351.0,
  "lambda_min": 0.18816323330328222,
  "lambda_max": 88.68021241169174,
  "effective_rank@1e-06": 351,
  "threshold": 1e-06
}