{
  "n": 351,
  "trace": 350.9999999999999,
  "lambda_min": 1.686967321621807e-15,
  "lambda_max": 55.500796556391904,
  "effective_rank@1e-06": 350,
  "threshold": 1e-06
}