{
  "n": 351,
  "trace": 351.0,
  "lambda_min": -1.5543122344752192e-15,
  "lambda_max": 2.0000028527231315,
  "effective_rank@1e-06": 350,
  "threshold": 1e-06
}