{
  "n": 351,
  "trace": 351.0,
  "lambda_min": 6.466509111804533e-16,
  "lambda_max": 55.50079655639211,
  "effective_rank@1e-06": 350,
  "threshold": 1e-06
}