{
  "n": 351,
  "trace": 351.0000000000001,
  "lambda_min": 0.18816323330325557,
  "lambda_max": 88.68021241169185,
  "effective_rank@1e-06": 351,
  "threshold": 1e-06
}