{
  "n": 351,
  "trace": 351.0000000000001,
  "lambda_min": 3.230160578125252e-16,
  "lambda_max": 2.000002852723135,
  "effective_rank@1e-06": 350,
  "threshold": 1e-06
}