{
  "n": 920,
  "trace": 920.0,
  "lambda_min": 1.5657374636564153e-16,
  "lambda_max": 143.0343565869581,
  "effective_rank@1e-06": 918,
  "threshold": 1e-06
}