{
  "n": 920,
  "trace": 919.9999999999994,
  "lambda_min": 0.02765153364065076,
  "lambda_max": 230.9151272840092,
  "effective_rank@1e-06": 920,
  "threshold": 1e-06
}