{
  "n": 920,
  "trace": 919.9999999999999,
  "lambda_min": -1.5570610571564167e-15,
  "lambda_max": 143.03435658695795,
  "effective_rank@1e-06": 918,
  "threshold": 1e-06
}