{
  "n": 920,
  "trace": 920.0000000000002,
  "lambda_min": 0.027651533640652093,
  "lambda_max": 230.91512728401062,
  "effective_rank@1e-06": 920,
  "threshold": 1e-06
}