{
  "n": 920,
  "trace": 919.9999999999998,
  "lambda_min": -2.6869253971355712e-15,
  "lambda_max": 4.659492296641949,
  "effective_rank@1e-06": 918,
  "threshold": 1e-06
}