{
  "n": 920,
  "trace": 919.9999999999998,
  "lambda_min": 0.027651533640652204,
  "lambda_max": 230.91512728400988,
  "effective_rank@1e-06": 920,
  "threshold": 1e-06
}