{
  "n": 920,
  "trace": 920.0,
  "lambda_min": 1.554288278617079e-15,
  "lambda_max": 4.659492296641956,
  "effective_rank@1e-06": 918,
  "threshold": 1e-06
}