{
  "n": 920,
  "trace": 920.0,
  "lambda_min": 1.3695060708984112e-16,
  "lambda_max": 4.659492296641962,
  "effective_rank@1e-06": 918,
  "threshold": 1e-06
}