{
  "n": 920,
  "trace": 920.0,
  "lambda_min": -8.89334737298899e-16,
  "lambda_max": 143.03435658695807,
  "effective_rank@1e-06": 918,
  "threshold": 1e-06
}