{
  "n": 569,
  "trace": 569.0000000000001,
  "lambda_min": 0.058013346966691935,
  "lambda_max": 186.02612222529774,
  "effective_rank@1e-06": 569,
  "threshold": 1e-06
}