{
  "n": 569,
  "trace": 569.0000000000001,
  "lambda_min": 0.4744868185422585,
  "lambda_max": 110.13663112592073,
  "effective_rank@1e-06": 569,
  "threshold": 1e-06
}