{
  "n": 569,
  "trace": 569.0,
  "lambda_min": 0.4744868185422591,
  "lambda_max": 110.13663112592064,
  "effective_rank@1e-06": 569,
  "threshold": 1e-06
}