{
  "n": 569,
  "trace": 569.0,
  "lambda_min": 0.8892028980825195,
  "lambda_max": 1.240438166518734,
  "effective_rank@1e-06": 569,
  "threshold": 1e-06
}