{
  "n": 569,
  "trace": 569.0000000000002,
  "lambda_min": 0.4744868185422574,
  "lambda_max": 110.1366311259208,
  "effective_rank@1e-06": 569,
  "threshold": 1e-06
}