{
  "n": 569,
  "trace": 569.0000000000001,
  "lambda_min": 0.05801334696669355,
  "lambda_max": 186.02612222529768,
  "effective_rank@1e-06": 569,
  "threshold": 1e-06
}